185131
131917
171259
151232
112553
161503
190864
191148
168184
137788
152133
113210
162189
131870
105306
127550
152262
179949
157075
136319
156416
168390
180475
166642
149335
113198
160464
126618
121649
146881
194233
132175
187989
104677
162948
143197
121305
186894
145212
171824
104784
191665
155268
149724
178138
102309
170021
181335
173466
149602
181529
108728
184085
164341
160945
160506
151416
197106
198061
173565
189308
171801
176432
135165
137417
117177
177265
168436
191176
170760
179925
173926
120592
178674
169763
150877
111391
112958
162213
151362
174294
140816
100347
166122
138003
174483
136336
104741
135509
123444
134197
139009
169040
130558
165123
185132
190574
124581
119473
169434
199369
124837
119229
106026
144551
159938
113295
138555
181842
179172
188743
106361
128835
136556
164780
115932
110613
124360
103203
147928
196535
174465
167353
146375
174225
158571
134471
199534
152074
139699
190661
143060
142689
169995
121860
177115
109166
137232
175890
100797
113380
118008
169641
182247
169649
181227
121778
110204
149256
108961
154889
182054
194259
127965
119972
170474
191925
144188
123076
141934
116601
126981
170228
184495
100460
131337
107072
194307
116028
117821
191781
174150
179902
160005
139955
171676
134857
139898
106951
142677
151351
111954
188304
142270
176702
125047
103904
144662
167099
187117
107427
179797
176083
119156
105288
171940
125398
153925
106845
105835
188227
179811
138122
136166
174523
128955
141549
162128
114340
125330
143597
128007
123024
141782
139040
181075
100039
139683
172631
105679
160001
149656
176950
147281
169037
196524
133762
169490
179302
194490
160164
141286
135043
159622
126012
172422
122841
152178
192715
173571
163324
146869
163625
109958
123344
172168
149941
134809
119429
168752
177873
179425
132920
160462
128796
168130
143252
121519
109648
180458
147721
185888
157981
193819
127709
117289
149486
187916
156132
107657
165898
134219
134380
112074
138623
199695
194196
142513
170843
123826
121264
146381
145681
166165
107472
166248
196346
121579
180224
152514
119174
187815
132241
161888
173606
192614
116840
158282
104805
199591
122123
104430
141625
116597
192001
180830
173199
129670
107797
103604
189182
129535
125814
189576
105852
129317
165128
147785
187429
117738
130601
135066
186589
185006
151385
109577
134419
178900
148193
130044
112660
199675
173398
181441
172322
190977
182013
161911
142696
106665
138131
178775
173929
120880
165615
118731
100610
118569
186021
155509
177240
181399
135188
122458
168374
141517
199586
133219
103532
117638
118672
190943
109784
137453
121591
189537
195603
120658
137187
178564
153938
163685
113971
191740
116670
156089
198707
184564
152135
181336
163199
186869
140184
131344
103609
164441
123821
161923
125981
155212
189637
159295
140633
188082
116990
138962
139284
115288
140989
184325
109831
103624
153210
155561
178250
164070
194102
100001
108402
189874
190056
150574
109999
135439
147107
135878
190838
152912
169704
181976
153483
184557
130855
191510
149786
166246
102495
117361
112869
108497
148017
155230
196409
190128
183292
141291
114200
141696
114626
195405
151195
115450
148875
177220
128155
167831
199633
110678
101153
168881
141386
134723
124358
160080
139244
172648
154299
175248
135672
174490
159910
168044
194853
156336
189615
146979
140260
191595
129326
133463
146684
140376
154993
111461
123448
122980
144927
101896
111818
149884
147502
111045
171588
144737
156975
149484
138544
185528
147913
137094
155796
193683
151488
101388
146958
183093
138210
177000
173651
167227
143736
124771
152893
190816
112233
118529
116494
146708
196622
168541
157465
159831
136430
198476
127622
190315
161560
176708
191397
103667
181578
170918
106544
186966
115833
148366
122227
191832
180158
182520
159375
144718
120296
109022
107920
114555
169196
133555
112325
163687
146721
113877
196516
104271
188976
177531
120922
174761
199821
165205
184336
116011
105104
127453
147575
161730
140197
160488
127838
149857
190531
153183
136078
126712
109770
133155
139655
112523
101984
190154
110570
128648
164384
107872
109198
140636
150549
138578
120756
171663
198233
103478
120825
124383
189506
111381
123267
137771
113626
170070
140961
191492
125259
125857
159198
160561
121853
154720
168185
175028
124908
175377
196177
145373
172975
164843
197707
182202
112297
190600
198569
196887
155983
190411
166761
199322
100439
169215
116746
107485
107741
146763
155250
184592
163271
109900
194366
121699
106000
120120
120064
193518
101009
199225
196673
113137
120014
152995
184294
196401
107128
138165
193400
137787
179011
123533
164225
189045
172638
174278
117590
155000
195852
184650
144152
167364
146330
182755
195467
127349
100325
162846
108311
185057
158646
196951
184568
125483
170244
113678
159597
117342
118606
187621
120508
137655
109706
188950
126437
134907
184726
142743
182813
174066
157299
175975
158428
165488
132972
126865
162539
164389
198962
147475
177186
180160
189028
198451
167004
123569
175485
198252
100091
122084
188657
170625
109735
191165
164126
147366
168229
137112
180691
179175
109965
189402
121601
116007
175009
184883
105895
114688
163776
133367
190833
195363
164181
138702
187400
145941
184466
161524
127178
165081
110137
180249
168904
117687
160407
159529
179134
113692
162228
173107
154348
166437
172917
127863
115114
141317
139156
165232
139353
107214
171135
172000
181082
154944
173910
129780
166721
101569
136085
108620
194680
104994
167673
120042
122391
156528
189502
111158
185283
165651
183649
101263
181992
136600
103335
124891
166032
132686
154585
195133
174248
106894
133596
160226
166819
131853
166758
125278
135392
110532
104929
104481
132070
158741
152740
121289
147286
130367
100099
137142
195728
174496
173693
182099
140078
185018
167961
159536
107407
124711
175270
168004
176283
143269
196675
134341
134761
192708
147729
169458
195344
166003
116251
134589
174469
103633
187767
102603
114439
128331
135085
171237
142925
192329
190122
116545
159267
100446
133076
114413
188026
166993
134366
172700
107410
179751
137466
141047
138440
149372
193167
150183
124262
146354
151135
162814
183803
155024
186253
139257
197362
113279
181669
184359
109818
104752
183688
166079
168051
130655
173723
198760
163152
133350
138279
134715
160011
177953
103369
105557
185604
188612
186666
140252
124277
165794
136399
146804
155901
112576
179002
195376
168771
142555
128289
197869
185321
167894
115601
126915
153370
129567
195623
194006
178223
102503
187443
169141
179348
192135
151471
172531
115724
184543
107580
116254
136843
161477
113352
129654
111278
182245
136515
124456
188691
162647
118871
126384
172250
124998
184485
146051
161541
197321
198511
175959
115347
113825
134439
113744
145203
103522
132621
187060
157418
118799
167936
146571
119559
195249
174143
155131
176076
181463
145714
153971
117316
161564
176041
124636
145121
121664
190190
189994
103029
194645
116200
147925
168834
167915
163640
146507
196412
176876
191054
175468
183092
102489
168495
118393
168776
198138
184018
144113
143067
143855
164490
146748
123928
181656
165729
191907
170602
170218
150097
122444
111053
156435
174620
189438
161989
171701
167469
113058
180716
134935
197881
154239
139212
162336
146416
128787
157906
192684
172850
119894
150587
140863
129467
194649
142073
149688
106939
109667
173985
106032
183287
123689
162147
171776
104414
123032
128038
174813
178842
114860
152143
149686
157789
132104
173981
165758
175511
169471
175204
194925
152639
103683
149528
192846
127018
109006
114879
173849
141818
144940
187026
191344
140435
167756
140032
127888
100504
106098
157934
104329
171715
149954
112020
124777
106187
150188
102362
131600
128472
160507
122186
179913
117562
163047
116570
177980
116532
170911
147139
103446
130611
199714
155803
168888
162989
120427
169449
149502
129013
125918
187452
187528
162682
180735
177176
112571
171413
126209
162965
194997
185407
175792
111200
149614
190877
143826
168512
117676
169251
147592
164950
142320
143983
171775
142716
150758
190115
152839
197588
100907
181251
131621
123536
164511
123074
176330
185587
139893
198124
138561
161280
105492
141680
155738
110084
145183
117675
167992
139574
143515
143661
140743
111447
157235
118991
104573
106013
123476
148358
183763
191596
164772
188849
159669
129686
167151
167649
156937
135998
190997
115830
184754
138372
162731
197562
124063
107707
130947
122378
103103
163688
190957
180858
136052
150352
199132
179247
155285
142063
166037
178206
172890
167747
130960
153855
165225
120241
171138
118249
180714
197999
148143
154193
126637
103266
193495
100282
156207
103061
130557
179633
126949
105704
163259
108982
130084
168116
154357
138617
102913
195192
143910
138064
125807
112445
190086
183551
178065
148091
189442
147318
103875
197050
182947
140525
103810
147144
199767
157666
113299
128799
115451
141320
128694
124017
130502
156401
140225
187675
133678
123818
199230
149764
183991
115686
133465
167523
108797
158663
135563
159828
144033
162915
100265
156425
124045
102599
185271
148588
151800
142887
120131
128381
122724
178455
148748
177510
196681
176993
182681
141711
114160
111103
134853
117787
100109
195384
137960
129795
198669
145518
168951
163365
139036
117065
104464
100598
116655
192671
112154
131430
162436
194801
189120
165107
176088
196455
110484
141809
150430
133242
173089
139813
156400
120823
188351
149909
199580
157615
191381
137592
163488
127532
148697
182986
199811
171473
133757
148559
161415
154502
187638
186230
199723
135552
184490
164211
179009
188765
103765
161953
147569
147865
175915
156297
117470
161586
165603
114173
108539
178662
162680
143680
125190
156806
173534
170703
164096
101047
175709
172409
121957
120978
192142
170000
192054
154874
167008
183829
140407
101776
145836
142198
133558
124953
119750
173832
112621
106728
166415
156485
113761
170381
152983
160789
116093
181778
199826
167102
155327
142582
117221
117050
170007
109343
194088
153746
162472
199844
121338
175847
186098
142611
119178
133696
139850
135487
185709
175081
170782
131913
178719
166580
109558
196876
139339
193680
167743
189426
139569
170135
142617
146227
190796
151472
195911
151725
194829
183664
129164
121805
198547
128953
145103
170412
106862
104094
153402
151045
108688
142184
135028
110031
100606
178090
176680
184424
144919
101653
105146
181461
127645
170341
112051
146517
178101
128402
194126
189478
137021
101136
164583
150824
159088
192081
183801
175190
147451
110425
162649
103062
165435
121092
197934
121764
167367
176478
169416
107629
160773
170200
191151
115123
196002
133284
136794
185618
198056
118234
160910
149303
123250
132451
187772
176746
121043
147743
157000
155555
109718
128710
194629
110695
173537
113835
166962
184082
150435
123407
111693
186754
172833
198528
105742
193618
184095
186086
150541
177895
109062
109601
133417
157920
142612
156499
160416
194344
169724
155825
151701
180846
135615
118574
185348
124437
184087
166760
100808
127050
122767
190207
194741
111057
165998
113102
154497
107802
156324
181596
104797
142343
131503
156310
105444
142963
105610
107122
102643
130501
164259
173208
139583
193168
114392
102613
152540
169702
180730
142810
107605
105124
141803
190775
136723
178708
195398
151712
127223
162268
131643
102013
187324
138649
121535
169844
147735
193970
173244
140571
189322
188409
152601
122217
179609
101099
126874
157653
180180
118722
170511
148141
109282
117734
141731
141085
194278
184530
162998
100202
123362
192461
150397
114022
179387
151044
142926
146690
138684
178189
178835
180292
101410
120465
114155
171246
125260
149095
107743
199219
104229
182611
189778
146254
152254
149689
147891
103289
162236
118114
188595
142161
141078
159465
161966
166450
114140
140244
120009
166410
133525
179589
169200
129956
141708
148254
114492
170212
101445
114751
122694
168233
148079
113891
171705
186561
126673
128509
198189
126445
113749
176023
159596
113186
165658
108841
153841
181862
183942
106530
163258
121556
119127
102352
138116
109890
113296
118491
137556
122429
182370
126944
199097
103543
114831
167015
185762
125182
105405
162021
161102
117847
188478
175465
177877
100038
183945
140641
162860
131141
119749
107856
122560
175360
127064
155374
111420
162512
149388
139159
170461
109908
146452
185866
131663
146806
181599
148916
175586
165674
193625
148152
183800
126246
113717
145674
122167
164694
127768
162987
104319
125169
137456
141857
178103
102252
100182
105468
177837
140653
121802
112476
140018
165212
113461
184604
136614
136744
199044
106806
168672
143354
147302
163252
178873
151367
144187
118725
161940
149548
195420
118246
159935
121704
106229
141664
150913
171931
143678
187041
150117
156748
194657
198873
141426
100579
138998
154415
161086
104617
130583
194376
120770
181650
197504
157086
160802
162453
169579
157582
170280
143725
150202
137490
121435
151534
138331
145677
122404
146845
131592
197728
125449
142861
101157
180512
174023
198526
172801
170956
185724
173013
123804
140351
140233
152525
187455
171464
169252
187678
100220
126989
171893
186061
149563
123162
114437
122074
111227
199611
180007
157217
160825
159740
103165
158777
151489
156671
184413
126156
109052
184849
129566
126376
142436
122233
155576
192823
160425
126090
111224
197871
176132
150975
180911
125766
124933
176612
150130
157281
195146
126614
120613
190068
160428
169114
132269
190933
156862
124601
123820
138205
139926
127946
161662
170437
164037
192859
199597
178527
155360
159636
199999
188265
154881
103903
127707
191884
142279
120265
102567
145761
182887
109056
134566
103758
162745
104124
139823
166669
147054
196148
153233
132442
137573
112304
133659
177489
199498
124382
197363
153218
109739
181847
102294
142460
188592
190212
153110
114198
157104
117934
102829
122689
184318
122922
162433
148147
139427
191315
147630
133570
131472
133364
111464
158987
171043
198744
114329
134685
107462
175139
128455
157401
150457
188519
184193
142636
150854
184083
147649
141920
148461
120442
176434
134835
103287
112342
122715
181551
101967
105519
195726
192435
171162
199231
181147
115221
172672
141161
101125
106883
158824
115192
103854
140507
115481
156278
162018
190668
168176
133139
100138
113234
151234
165130
109206
131216
157448
115951
126340
146373
156253
137509
146668
138614
117035
143986
193914
110042
197897
103822
104665
147038
190085
182362
169939
136096
169290
190797
131302
151558
193996
129816
118308
131719
103030
117795
108887
138591
145708
153052
108806
162053
124454
147642
139765
133999
146106
123859
194189
139505
111529
158953
119804
103889
189697
101005
119706
146226
103971
183047
163126
166346
173358
145181
162054
108723
121818
158130
108851
114180
107083
158323
155695
157655
148097
147137
107322
124167
196461
120334
156170
190910
134189
197799
180939
116631
117047
109263
138048
191476
112840
170576
131036
131934
171217
117825
148557
190664
196943
193688
124739
159619
102842
122747
192421
114600
155502
150243
127834
151108
188196
149077
193352
113494
194917
117170
193870
194906
144961
171696
151376
154064
148492
182410
111900
119512
174918
182051
129458
100113
153627
178124
187896
136987
175502
191115
101543
121273
131810
188974
132719
147484
127972
143170
154558
135223
168150
182652
111511
172738
138225
160746
171395
170423
140887
141603
158759
132476
156369
107409
117379
136671
191200
184811
119016
163273
199224
107757
187786
197566
194844
134001
119166
104361
171977
198168
156434
184820
164234
157903
172968
196355
180754
110487
149034
110229
107027
198510
153380
147694
140646
190633
192773
178070
189410
151363
198607
193856
136222
119940
129020
124783
118804
103045
145202
199528
159387
188432
160196
165671
193011
150268
182296
157284
188153
156573
144038
115553
124568
122999
155807
192490
163063
153850
129759
193540
122279
153017
136994
151967
127088
124102
105446
107983
180865
179030
122631
114465
132836
129653
189157
130106
126459
129430
110513
114966
119565
124079
160707
189906
158417
163631
119045
163361
121211
169008
170235
195592
146069
115997
130636
184706
183858
117783
109643
145893
168976
122120
129684
173624
148726
120005
159014
191173
175380
135260
171250
141014
154294
162875
132145
104717
104972
170036
117657
163228
149652
127412
119695
100620
171494
174325
158592
185362
141506
104695
154927
115950
178605
190431
103090
189515
117916
165607
127805
159699
163434
169387
100326
138376
107893
143480
131539
153323
125748
181524
174772
164762
112556
102935
140622
113129
163242
196986
127454
160966
185763
129492
122098
123242
165299
183183
109012
161535
159204
145495
184039
158997
134532
181413
150082
198856
181072
117835
177559
183920
116846
123525
114345
171129
122879
134984
182359
179870
198939
115393
154282
104082
166852
137454
133202
125851
195987
196126
155386
127865
198930
184612
166873
162835
185715
123298
187697
167794
122900
112953
162265
108295
155079
158404
135346
174430
114325
138302
188761
159617
190570
165308
134551
127979
177278
157355
135270
168839
173160
108558
170293
143682
124051
114472
154154
129746
181911
108246
114644
136301
150326
100263
193788
140462
102029
153544
192292
182676
123771
130681
125731
196779
155154
128194
166688
152805
163308
127652
182983
106349
101338
128059
163744
144899
121296
188981
173422
108052
167826
143996
164421
109641
160063
116566
186420
111892
155206
165419
103060
194808
102163
129745
113611
140599
108181
136481
111249
180995
193414
104921
112769
138818
158975
182432
114139
143486
164142
114338
136071
106174
171958
148635
121865
126656
120167
157636
194788
106439
161664
104708
184831
178834
156235
184024
145248
113337
172854
108110
173425
139952
175396
170733
138883
124522
139523
188991
175171
138571
181977
143436
172299
149414
181431
159412
175504
125451
119898
168268
124907
182355
159748
166955
154213
182455
136267
127963
196261
143590
131114
189152
121831
112935
159524
179025
161160
117754
194301
102821
193570
179519
160971
177704
143100
191005
195662
153107
186077
151204
130438
158129
118301
174848
140484
110301
130192
182442
181162
130621
140377
161145
152631
197574
153734
172078
193355
104637
130033
181943
124485
148024
166191
167448
154992
194747
119977
123058
195742
149245
195498
137569
146906
121663
188000
175549
196852
157378
102314
107013
196040
167558
162450
161088
167639
131899
111407
129683
165644
196723
181588
174924
162904
161924
155947
129143
172913
177338
166168
157858
195318
198698
193364
159952
157872
125941
167847
188143
169032
139884
104534
152883
124037
150804
103873
137774
138444
144271
189505
155272
130840
188422
174865
105670
195616
197444
105663
118085
112323
178722
173716
144098
117343
186247
142286
149154
159023
158261
104745
162549
132082
162541
194206
183659
191875
154990
186494
122010
114691
167020
122578
129417
174250
120663
169349
152235
117745
135421
113880
114768
197549
192031
152401
126206
163520
168854
112190
109449
116228
174600
102091
144565
138532
192552
150865
114752
131379
162957
168057
171968
167919
149957
152252
165567
163180
124839
138467
180104
143282
168501
147199
122701
106069
109752
185865
103944
149265
179976
109351
180838
113706
118607
135239
160332
150295
148020
141839
132374
124179
129100
199716
171337
118998
139620
169827
193108
189528
149997
170754
100945
170472
130493
105861
162750
112205
192746
184230
160307
110675
169363
153363
170106
106933
146939
182906
128492
168035
159344
136458
142709
109878
144123
128590
148845
120078
119314
132380
149612
112616
188927
172966
189086
111397
126999
158276
184040
151505
138526
182351
161937
184662
123847
186078
195501
116716
179645
127991
159591
176880
143444
182959
152651
164379
172604
152522
148267
147922
190127
102355
122089
112963
122797
196584
146178
176811
107819
172158
183756
195066
179802
163149
173465
178137
183198
139157
161089
108415
176527
138640
138364
197175
190286
170501
164334
141533
137067
180745
120647
143349
111116
107882
126290
161243
183337
177317
181409
130491
152207
186116
132912
100342
112633
141055
135894
160542
176560
199112
136024
189339
199149
103853
185961
128117
180634
154361
147864
193310
134945
104628
118115
105598
195483
193412
125008
122003
126410
128334
111120
101332
151592
104847
198322
149890
106234
176597
173572
144830
196899
171657
118455
168186
153238
137504
194905
133789
102869
137252
146043
184060
101536
182632
118470
199981
133215
127294
163540
118764
158292
171833
125020
176856
191698
178267
128486
138836
137804
120644
193610
128101
115735
113574
166184
155294
186209
161687
186757
115882
171451
144851
184142
152335
157228
182869
168024
107777
118682
140593
187111
178211
149073
127724
127492
195487
146944
127104
152760
116412
193912
146328
126680
193595
173384
125245
103773
152028
167703
108240
144017
188190
189218
138606
189207
107399
110024
188291
179418
145960
167141
118131
155945
108803
193862
183299
104139
148006
114867
113437
180625
191060
156584
149298
199859
183298
194151
150722
187178
132516
189483
122672
174441
114567
195612
187326
174758
160475
135251
140147
150832
109045
133676
145075
191203
181132
140642
112978
146307
198972
155584
175762
197786
129742
110727
161963
199342
126234
168785
186316
127384
136735
111458
144821
125366
161101
167905
157435
161492
100954
163357
131151
133294
134068
136296
108445
195415
127503
106287
108146
148497
145605
108098
183689
133181
105309
116682
139577
138971
150548
167958
163186
116385
155244
117813
110952
142534
124787
116460
169701
154612
164536
186874
163526
133974
156730
105639
106993
188382
103374
151231
144659
195587
172475
108142
180426
157488
188301
142986
124819
179818
184753
116807
185896
115101
171047
154148
131839
144710
143702
154483
140356
124958
186629
162357
123875
164068
156387
103482
139707
118187
147883
198184
106899
115834
199496
162964
189545
101623
180414
131862
107327
140605
184061
187837
162473
123604
138878
116866
157998
134573
179165
131963
116856
124409
125375
158117
107507
159352
121839
140526
189486
187608
164566
118348
131740
123350
130032
109917
168814
146223
193186
150857
155640
107175
114003
113094
139023
150198
163807
189064
176029
154908
165406
149667
102396
194841
185631
150240
178243
118426
187636
199781
129601
196594
129231
119198
145946
153720
117258
129544
187181
108180
131259
163654
111445
176996
184423
176998
155368
122347
122502
151288
121042
130957
169958
195738
145609
196515
195345
195562
193225
100328
156500
153526
132812
129438
120045
180538
123263
164546
195771
190636
106979
190110
119172
133176
193894
125818
148188
189169
190388
191576
143433
118082
175243
185855
151139
128487
164803
115071
113219
166785
180169
133713
168714
140358
123639
151257
163900
150600
196568
100922
183271
181651
171998
162449
122854
173049
197558
131078
100271
145560
138211
122692
169823
137653
134475
102417
155011
145476
131191
196911
194433
127830
165079
166236
107015
163500
125230
127570
169954
134654
144841
116929
184696
114764
113350
135679
120426
184153
160091
161885
128643
136139
179660
129151
129689
114383
192096
194446
132275
144063
134810
198397
169644
146605
172226
170444
140125
104583
149407
173825
118138
170983
157563
183807
188038
184630
187255
153710
172485
122522
133474
184996
139129
183742
128089
172139
101923
189378
110408
110268
125448
196758
175113
176623
148031
142553
107255
194660
177866
130645
183078
194731
159568
186505
110603
160210
179564
143409
190660
101142
126179
102084
195779
111583
175512
167787
129727
194727
182710
165750
106860
185895
105052
165137
159523
160948
130273
149054
189563
112145
122289
163861
198503
151426
197416
129936
171115
193634
112223
132034
100153
194553
125013
148761
113421
165698
122585
160458
140368
181361
139015
177327
182061
131314
180166
184817
164929
188605
173033
167005
125899
106022
168911
185484
132061
186981
166075
118468
104923
139346
184208
143559
113645
105119
112123
184154
141813
129468
135495
179363
104762
145830
101521
134937
117080
184654
141941
193437
185904
175359
175734
133470
110178
125544
187810
162712
183190
175352
110353
180543
183275
132585
187654
146430
174181
192296
185655
194177
190006
192620
124414
172089
104468
155271
120154
167689
145257
193955
150619
135468
149663
170491
169214
108872
193505
122778
110430
161214
152635
177995
181235
164266
193216
196298
163919
145210
110985
110692
161534
182849
111034
111578
179310
118850
167666
143793
187885
169838
140357
104679
114240
177964
148331
115191
190602
152039
197339
120778
102760
167790
104041
151305
149601
174040
190275
121214
168029
174677
147016
105518
132075
176048
106015
142639
102357
178107
117274
184658
181905
162848
193444
131042
176279
187564
121119
116608
118903
195716
181261
111612
180490
192349
169858
187968
104979
139950
153679
137056
138118
172930
111576
121925
157812
179743
188445
153791
189238
194910
140942
104595
190715
140192
196735
152520
155611
178976
199375
168738
147252
126433
133715
141981
142627
192795
185242
102624
132356
127102
179848
196357
124381
183359
109240
148546
163733
174535
199250
116108
176687
164494
185791
139471
189636
188292
174752
134412
173954
105769
185844
120570
154157
106475
152870
197209
123004
146194
149524
195748
169122
118698
133741
145345
113923
133209
190823
171579
198148
114072
156249
112686
164129
165189
194283
198489
110118
185617
161878
186466
105194
151971
133774
187314
101019
194644
155605
173048
194810
133253
126049
195600
198699
142918
157834
143417
107478
176974
172654
175448
105739
150699
151061
153806
198778
152908
131050
161712
184537
158920
126274
117448
108368
116266
101537
146995
152905
176639
162923
197189
172536
110665
199117
134707
198614
185537
145436
153650
141908
172392
142174
144967
117620
118975
131435
189024
124181
100837
118704
185564
117467
145790
119574
168972
159869
192754
179695
194209
137990
125530
144913
178365
195082
171685
159843
114525
104845
199774
156835
119848
156084
139449
117262
144046
132170
125200
162690
168016
103589
187587
156778
198502
195103
108455
125247
152503
135102
188068
167360
111095
197495
169889
191726
191838
175987
127290
136892
125785
163915
176123
134920
151069
100557
120285
143626
165056
162632
157618
183333
132527
128199
164631
129142
135623
118418
139503
153166
191983
115160
150054
109566
118594
154868
167181
181458
106412
157208
170645
183094
164964
132285
190385
128561
189034
159164
161382
150590
140569
106688
128828
199703
151364
141327
179042
133798
190465
136238
167770
196550
154851
169247
180216
126879
184435
197286
191097
148837
125327
193130
196846
167635
116972
130307
188632
152142
178143
168295
103751
125746
198615
109655
158552
118688
126814
102155
169213
174739
158222
157586
102532
105929
120394
155495
107822
120967
117516
177106
140093
197366
163591
176852
171586
171381
159874
187265
146593
106974
126237
155531
135732
163077
145494
188360
170766
186900
104215
122982
192024
112349
172180
157663
166861
177648
197314
100117
136177
152311
131473
114583
163377
121353
129907
110326
185653
182163
191793
143007
126111
185947
198686
100642
161515
115711
149130
147458
158857
172892
154920
189280
156488
173309
179511
154812
196151
142733
131955
159459
142980
130133
152710
147942
128811
104051
199409
170961
121071
170826
190818
170198
101146
191057
133643
191619
136373
151382
177315
180630
128524
119362
192934
171612
166201
121938
124635
192444
117105
100217
164079
113989
100335
133099
126081
116542
111096
163215
117510
144993
160967
127873
177331
180723
154530
192642
172193
138314
109202
192175
138286
186876
162230
177746
182539
110233
188297
109221
189180
195578
166166
132694
171204
112353
116467
122893
119121
176409
193359
140486
119635
199919
113800
157168
194457
188672
185832
120698
120962
143742
141038
124093
142591
194397
155976
169658
134033
181181
152922
100292
160927
128163
127691
103753
166769
130777
164348
156588
180239
190064
128532
192466
132562
107623
160054
167406
114220
146431
158021
179154
148831
143995
177797
195605
122406
130039
146083
111874
179370
124834
155897
150542
130989
164597
136391
134187
104907
116887
137188
127154
177322
196243
152204
115519
116126
140372
128113
135349
172112
113303
135595
117402
156482
151301
179531
163363
133011
179800
160816
152404
116936
185328
161274
160439
162023
170039
149543
110434
118547
165684
126346
136980
111515
117045
185410
172382
115787
136103
198797
159495
156556
162046
197638
196314
180054
165653
129556
133083
125188
150274
120188
191232
180254
126755
135916
141123
191890
146716
150531
158513
160574
176225
177136
103702
161033
124286
125185
121137
124391
149115
173112
100943
170598
157796
116409
139539
105889
165605
119541
109618
122695
164751
118412
130432
124849
117046
164257
120182
154444
130572
148034
130306
111791
137455
185910
111821
121710
190052
178242
152794
141307
130437
164320
140749
168936
181745
112865
122587
137832
117606
104896
190860
187540
195776
182134
141855
142906
183367
172506
134173
119608
129235
152440
145282
169831
167592
149949
101363
135734
151060
114042
103546
111816
187904
126313
189850
189703
173014
123829
158887
120385
154252
147237
199713
108422
104642
139396
140266
180122
167621
120826
115312
196959
123707
151564
182664
178699
132265
153237
124863
194493
177082
191706
171974
105336
168763
172941
106985
105255
125842
111457
113638
138491
126370
125023
187906
199925
122375
107312
108302
120955
115035
121430
186668
121063
153714
148798
163005
167309
154958
178339
138174
135155
187487
170037
108250
129353
162522
123678
173146
166684
148062
189343
161389
164130
146362
168715
184192
186212
192462
130670
107216
167391
122957
141655
138842
170119
116274
180191
110662
171643
163996
109880
122422
112554
165928
173755
192384
188651
152041
184226
148978
110146
157802
133733
185490
168895
129602
115380
175941
145044
110349
152472
111955
136857
116475
160695
136497
114203
157669
133630
121295
198207
155370
176485
179992
136251
178306
133491
109521
166433
128210
149216
146848
190742
163362
130299
137122
147724
167651
126075
162776
166362
179631
158550
163123
126565
147256
109444
177794
112578
118137
140564
192936
180782
132287
178012
181250
124374
174352
187110
116916
107705
151038
173271
195718
193176
150924
191878
161100
144897
186423
147305
180498
173760
147259
101988
170376
146420
111696
176473
113334
196250
110793
192863
174977
111963
110630
132029
184278
186994
113508
170269
120851
105605
173266
198406
163294
174899
179568
106961
157854
111233
171141
140257
108329
156268
190862
122944
148452
111109
141691
114795
195492
132272
113852
123137
141735
194616
169319
187625
164729
197273
199886
182659
106110
109151
178132
187630
143345
182865
104837
102830
132423
114629
170638
114446
142081
165916
117757
162416
157480
103163
146641
110335
146914
107862
160090
183317
127147
176458
155315
101991
102028
133526
119008
121634
142391
124702
110622
110316
191025
114832
159335
173051
161982
159797
192778
127378
176069
149051
116811
191483
125830
108647
143281
164993
176834
122478
111241
199646
129391
108022
128901
156728
105040
130903
198601
156639
148553
139529
146604
115464
169593
171510
106103
110103
199226
161868
159694
197428
167726
152955
169734
168467
148864
111302
118675
122722
149532
106345
159799
196491
161370
125689
184421
179664
118835
114657
127463
104611
175234
109037
147914
188061
100641
133970
104276
132418
136001
194122
140193
138577
135726
119999
110801
178511
137868
102487
133026
140952
191830
135263
130186
151550
111476
137215
121383
155549
145527
162528
133263
123936
174997
133914
167022
186999
165276
130537
170112
141387
179525
137438
175841
102350
113289
191273
186985
110086
165905
145846
133303
139486
100391
171358
179389
125246
163375
114542
120221
169570
131233
132468
180728
144934
131490
151464
113432
151829
162866
164590
100336
118882
153754
110140
158854
171908
177645
179644
149408
152253
133923
122129
190109
145784
158603
167757
164455
137346
133292
192174
198594
190912
199383
186800
184104
131088
168345
166271
171178
150365
107085
154934
161138
118410
140759
140544
115841
146588
183424
168074
196057
130878
183147
102500
185009
170129
128786
168774
185660
128362
161722
113836
144517
151475
146885
118144
100543
105013
197664
180960
130429
118478
169443
182083
188349
109932
130265
192495
102884
152555
194218
188047
175341
137427
137761
123329
196874
168302
115461
181986
175648
118853
168201
160997
116681
150661
129621
143650
106487
162404
148325
146820
102547
101406
124518
167206
174793
134158
139141
167683
193962
171069
184080
100211
153164
117511
129160
184896
157029
144283
143327
164513
176016
178225
173055
156530
112372
194465
154543
179869
150850
120949
106585
116642
182566
155065
150659
126530
111001
153298
142518
117068
195969
116847
102840
165454
192992
171484
187987
134963
173167
123152
113433
180668
126824
132619
178148
125078
192193
168605
105829
173773
154044
155913
140345
194870
145359
198540
112725
193466
166483
176005
155328
175272
115661
126534
123278
187094
130179
113965
170735
161350
125694
146530
156092
181606
184994
169907
117266
162452
148610
157928
151049
141001
150968
104948
104584
117805
109451
190470
144579
109101
147212
195083
197484
153067
181964
108206
126609
168079
186436
111552
188869
160250
190831
134657
168587
140250
153113
105502
132692
181101
170587
106895
135986
163969
162582
131669
114209
138079
105475
165333
122480
140534
188749
189945
106850
178592
153843
126281
116249
172060
118093
103139
196447
168066
169181
160426
132717
156068
151795
160045
124053
123054
126683
150411
101198
180378
121375
191475
141034
181806
107161
113957
190917
162936
136780
135647
183486
187861
199013
140426
145942
199562
166885
178893
135740
126607
169073
124900
183774
127400
157823
107405
195979
102894
132055
163265
169554
176750
190618
157185
143775
140287
185790
136839
127931
173484
189393
127663
194921
142734
107767
197253
132613
176208
118296
164553
102479
177415
171458
156100
106277
198678
110109
117693
149008
138017
128489
123699
112313
136039
151253
152832
146988
178377
179820
154016
189804
102712
133383
180474
132228
178082
180225
128035
157151
109534
157304
173474
150035
105873
171645
100942
141063
149009
179397
150210
177015
156241
105553
172462
183471
114899
158838
166387
173134
177593
196649
160675
193371
199295
170613
143238
148099
165171
103317
159047
146648
142124
114574
184009
145935
163445
121483
174373
105874
120052
196301
178995
152862
143530
133975
113622
103568
142028
135728
170681
102283
135945
142515
109645
187797
162364
186615
154621
149807
149122
151688
112287
108958
148664
145481
156171
109937
150369
134762
102605
158494
137047
150711
101787
188877
145096
164825
157074
115088
162140
144364
117860
166089
161398
187914
117358
198989
132661
121399
112939
171828
181837
188721
154653
139344
129486
190579
118218
178797
144198
101091
168309
124271
152565
195261
169509
118465
129538
192325
183823
159787
112116
177831
109028
104120
113009
198718
146898
198464
108938
136911
147668
176771
182511
105274
149744
113257
150906
116137
110437
125749
170191
148384
101785
197466
115692
121268
157231
196879
183518
181737
175019
136329
168038
173815
123931
157112
184712
112461
135175
123036
129890
117037
160072
194217
189365
100118
175584
143334
183067
128869
138877
106369
102629
131911
116237
182222
188368
101342
119860
132258
184020
179978
128056
182233
175345
103192
169254
135292
129561
114281
133126
182255
125192
183879
177405
129061
121492
134533
128060
117552
142178
191743
192003
131372
121386
115867
181156
179565
151909
147452
113858
124402
128746
111008
176143
189331
196844
187381
139290
132059
161146
127958
106664
154711
146066
148623
190752
139031
182046
106079
152355
188352
103074
138595
137103
123232
175480
167711
130008
147931
137386
122615
158564
168704
170976
160209
142608
108376
130194
158183
107232
156689
128344
122304
178692
172200
163089
123240
137713
116971
123192
156591
179205
128883
102803
152476
171766
114047
195466
133898
100914
169804
158815
126186
132405
117117
196942
169062
174034
191841
125924
110787
111628
191126
126638
148515
102519
176519
130694
164700
188576
109128
198255
177464
198533
133277
154933
194350
124328
180812
158373
185110
184880
149063
162753
153413
121908
108950
141388
139179
161634
190805
191238
197815
107800
101361
144904
162841
181057
131906
150024
127380
142885
196008
177402
154095
110824
111866
185708
138237
167867
129921
165790
102628
156152
195243
122835
154592
151841
115406
177764
119206
146959
101732
103934
141758
199617
189564
134153
141600
187249
183178
145312
145016
183892
149498
178480
187982
120151
117423
128349
168424
122973
101251
151758
102870
177542
117057
103136
107758
137967
143714
187899
170516
135644
126622
126883
144231
158039
138921
168196
178947
160384
190911
103195
172820
105814
187879
112966
164562
187735
166254
198035
174157
105452
188983
116907
124332
152972
100360
159025
173366
117870
163260
170219
177233
199922
155062
156595
122159
173591
126908
168866
154714
102668
140048
186299
104316
118974
170420
171930
192804
188502
177809
101931
175900
154170
132597
121677
102732
175488
100035
130358
143977
181761
100949
171662
150506
133086
122354
163828
102280
163309
150224
184328
128158
112262
182552
175415
153384
142822
113894
166937
132507
170267
180763
136798
128557
199309
169645
142224
180017
166746
197451
159161
139732
161181
102761
150646
152928
171620
133647
146273
165466
122716
137068
191108
130757
129019
148481
165183
128750
191765
121907
188483
177918
170261
102873
152916
149888
197085
139340
107086
146685
167562
121028
139228
144352
189796
140601
181810
118724
109377
103625
133686
144310
109000
173639
102230
166927
133895
188220
173305
195629
135403
182113
190685
168404
130266
156289
103713
125341
138645
125710
174215
189288
142728
109309
177972
169972
107814
132900
175261
171882
105248
130600
182862
153663
183984
163885
177817
150338
108652
196290
186176
185056
100532
190107
143309
171794
183972
160489
103141
134250
163205
194409
134743
103755
173482
176368
146781
109397
112392
183575
180780
174394
188204
199396
116073
168223
190565
167331
181712
115765
120532
179738
150517
149903
177474
198362
130894
126011
107029
195676
152227
164044
120357
101908
102047
176672
100473
180393
138864
145334
171430
158298
166021
122950
188017
103452
114527
117390
139464
100201
193695
164560
155952
146722
137069
198508
171327
152460
170033
132756
176316
130499
165820
159858
165535
115545
182781
182396
199286
109102
193530
164194
160804
155992
180497
152069
156024
116250
120681
157497
173359
196981
165719
143622
195574
175560
119828
120896
122586
171890
184378
164551
103660
129058
178728
188361
187341
147890
116935
108428
197006
117663
175730
148266
166123
159878
193902
184828
115122
134174
191645
120853
195196
169976
107873
194197
159157
108193
127362
177792
184837
147896
103250
118101
196156
139947
146756
113284
136148
187139
103105
170648
102790
158752
192304
192009
177447
122249
136692
190121
167980
125388
102323
174835
140220
167115
166237
199963
108509
193388
173691
168505
174500
118225
173980
184475
159777
169604
130534
100622
189267
177663
176297
165338
120355
129076
172278
158178
166323
193109
110486
129867
190010
119850
188119
153858
109385
151930
164476
149336
190601
103476
113560
136554
115263
113665
190770
135101
178669
195889
168787
110382
178663
157119
119081
176782
148785
171086
172512
149867
115054
162524
178671
148804
196744
158787
153755
148594
151093
116700
106839
172712
197407
122873
168054
140792
172308
149181
166190
130999
118191
105404
101976
146702
150030
192449
103997
183345
196884
163296
131364
146594
150290
166305
134394
131082
107251
185210
132488
148412
191574
110611
188911
101553
116396
183286
103785
183599
152809
168518
193615
129882
165586
133132
153892
124061
110582
189967
131289
161473
192997
160002
120032
145788
144258
155740
117232
161764
146559
105868
157616
130018
114063
164710
179038
118007
174269
136408
111312
194571
103210
111244
106313
135303
187360
172021
114904
196803
176306
121285
168667
152257
155330
164516
122390
161435
181008
114814
147127
134188
128296
107928
184640
187939
109007
105567
171739
151746
146961
168897
178319
194700
167838
169810
164424
103987
141076
103306
195317
148411
193099
195804
110554
169610
191068
138230
153812
179414
175403
164766
142090
195159
112326
150121
193483
128563
148904
194861
104843
147292
144117
189471
160965
150618
167433
173066
100459
150501
177978
128254
144014
173860
136953
168015
116612
154514
182571
177339
180155
131817
147720
122252
199495
196456
147165
128661
152089
179020
101339
139902
149990
176062
176383
199786
190940
105533
134314
199278
101343
145159
191504
188176
110646
117512
193614
154441
137143
188086
152375
107370
182008
180317
142915
135399
136210
154434
120890
108676
157115
132113
195465
111573
196425
152193
170892
192189
145740
105759
148572
142531
129297
152548
124573
191434
117655
190062
132441
144855
113716
104815
155297
196076
129729
197806
171456
196804
187412
133478
182909
122472
176761
127449
132004
186508
191184
180325
102942
155528
189167
167548
132316
102256
116924
136227
162797
145069
167691
115468
169453
104424
137329
154172
159893
199803
103032
165158
109748
144439
110868
115564
198480
166394
171928
147997
174840
182356
137222
105245
138635
169635
132810
193670
196551
140731
196303
137521
155979
134351
133275
127295
186431
105980
110159
147545
185067
133220
110559
195104
117185
189935
118015
199807
109303
187571
101979
196317
158691
176815
143183
176840
160391
183919
118038
127837
181664
134413
113545
144217
194590
105585
164419
161936
144510
121527
169050
174886
114242
186882
157640
109236
107588
196472
131115
105655
196745
145322
190393
128388
139701
198990
117027
138802
193330
181887
194638
135336
156910
162691
113515
109127
163048
165261
136678
127099
148810
160212
108413
140275
164082
132817
105709
116955
199067
198039
147927
179184
159589
178351
175869
104077
107060
187660
183957
112266
115407
192718
117759
176358
104668
123482
199047
126051
102898
185217
140650
137540
160874
170790
191976
156645
157650
103153
188724
171946
137976
181672
177454
100227
171600
196034
135664
137638
180684
138925
180241
107432
159603
105333
111851
115179
189512
141804
147359
166056
162302
106559
161848
160890
118295
180565
186242
188661
155341
156621
105206
173161
149016
195476
135071
171029
175409
150433
176257
157135
156099
164940
165954
145390
108253
121923
168288
154669
106794
151332
139864
173513
196589
186638
191361
100749
128872
114231
107041
151228
186315
163945
157107
173003
184677
148037
185758
133692
164051
123807
101062
150510
104705
140006
126484
136770
124598
168829
113032
108407
135867
136870
123760
131400
140765
150908
133249
102167
104027
176835
123420
167371
104932
162932
107414
133408
113664
152337
114861
169423
115923
139058
128220
125657
121889
131598
162131
138488
180327
110614
122170
112832
196147
117135
100338
193348
187867
119641
164098
158897
194407
168948
178444
135367
143207
168903
164857
166859
108746
171142
139341
186030
121070
153024
188516
178373
164680
112662
180199
116598
113374
156834
180093
107541
189944
197421
115153
166143
115396
170675
185185
165367
124820
184687
183672
119960
156010
105791
198132
150657
110280
198100
178928
155119
106081
188623
195745
112285
135280
122880
183106
115403
103801
158445
138637
160480
171871
168488
121896
101061
113015
167055
191403
186852
128808
145012
134089
157443
138535
147196
160227
195348
125028
130322
138866
186939
114467
168442
179518
182547
137812
127962
146817
183953
168479
164722
134698
129896
199546
141544
198077
139892
161967
177641
104187
123305
113667
181726
189297
133025
179635
161352
100694
183639
113059
170074
171098
127608
164230
199895
193576
181001
199595
129508
140384
175216
129626
110457
168750
102785
137730
196702
166673
123325
134226
121301
117138
166808
133608
180052
176145
198434
158006
157159
166270
139613
180938
132274
168988
184191
154153
153366
172607
167343
174424
116589
132081
118967
140012
102634
125701
136967
197986
128414
195058
168163
130140
180654
174287
103161
112658
107515
146474
146893
155316
132887
140589
164831
158054
194865
161583
174806
123739
126477
124188
103499
166435
138407
108386
169845
145576
174925
133107
154679
140694
171206
185874
100866
191441
158940
100065
181865
161456
184780
198414
172362
171177
162655
173899
174316
174592
164298
110747
123333
179614
174026
119832
126525
127310
143558
152712
157466
146141
123845
163658
168380
129650
189952
177272
160676
120294
148046
125592
198063
131822
126579
137744
172131
108374
109712
157405
181920
101904
198847
145564
114529
166803
162623
115774
126657
142511
116465
162782
126974
191049
153249
178894
162768
174970
122609
115365
103009
111828
126522
158027
195951
121121
107531
159681
185941
153608
141543
148271
170047
197499
198499
112030
144432
196562
176565
187307
183967
134143
163315
121651
144062
181734
122566
171615
116521
122643
118159
173608
151966
103942
120589
144748
138873
106405
108299
163305
155894
124035
161969
117030
190595
159095
106451
170560
140505
170406
158951
109649
124881
168548
116901
193744
159967
143342
148417
108292
195026
193291
120441
104351
185608
186762
141796
173698
137159
139662
145434
135839
113737
153303
129373
124084
131328
119112
164340
109804
155098
166418
158403
179866
141690
155595
135526
184510
169909
131570
161136
191071
169134
186225
125578
125308
155892
158522
196556
159125
122187
148538
161856
156141
189655
121627
142412
138290
107057
154022
151740
131700
114044
143326
198672
124117
144476
196288
168049
124136
138781
120208
121298
125189
147559
151375
150129
118732
123324
155159
113483
180050
136921
159602
136335
184242
157196
156301
112926
155513
135204
108846
113817
118849
135281
160735
171888
179653
144818
156739
139512
126002
179104
194008
170121
136760
180179
196776
109929
175525
136765
160956
112214
176995
185759
126907
159913
191061
123234
139582
110185
122645
110341
149230
173404
196104
156515
156575
173636
152411
193833
103198
125484
174894
173921
170400
141389
175607
193799
164816
184704
100061
116558
161637
178274
162973
180310
163626
155851
168692
119494
136175
150103
174216
158673
161449
109773
197084
162185
141869
178999
162842
184132
158912
137302
129158
144994
173104
161228
186645
139979
113455
109485
156287
180839
134241
180416
164649
199818
153637
104718
194232
178333
113806
104437
175593
180128
105632
148255
153826
129694
150987
192703
161756
184389
197524
177885
127122
172563
106194
186375
117945
132257
113509
126823
160189
141048
161677
144472
198235
152828
111017
173127
115235
117147
149687
128268
182522
192649
101309
144991
120306
162129
177842
126588
104935
163845
114693
124926
189811
129165
135659
143500
144894
188732
180288
129975
143835
182422
135808
117228
193827
128265
141301
131896
179911
199054
148720
174915
152381
123426
115843
180253
124133
145839
191162
181963
187047
126716
199656
170669
115665
174754
139238
149312
111472
151898
196712
119487
143538
185716
108993
156240
110099
121828
193149
143881
150487
143800
176013
193309
130539
136161
101072
164017
115895
181378
195364
176551
188232
190946
114572
153117
108398
145701
121613
133779
141061
102371
187310
113159
180863
151838
106504
166011
130333
188679
113085
115715
195871
178397
159027
105501
167661
197991
103662
154386
173873
170312
103297
173177
133248
146788
132323
153265
193226
182998
148945
145808
145724
133033
192670
129086
102797
151798
125138
135612
178720
138648
181115
137529
162764
164250
133150
151315
169356
171738
117861
150334
162587
197553
164466
163594
172723
162509
157971
107734
140232
165330
120813
123247
196273
155853
148880
184981
161268
102608
155222
142869
170789
146028
155472
176663
111870
196858
155005
166384
140672
169789
182411
100402
108890
101504
184546
134051
114716
182160
140301
172124
117285
108796
124750
157976
186402
180342
142501
176676
179993
164846
115233
168370
104730
100993
133162
188155
195432
169737
173656
145571
159325
183904
147772
157036
123539
147704
163354
177043
158139
143167
143479
115936
194800
181934
109829
199779
136659
125314
166076
172585
186367
172040
103926
189619
178823
121956
190624
180533
122658
160630
167211
111635
144688
137907
161419
106247
153297
127783
132450
198158
188358
121781
197031
187543
156131
152466
199510
192870
155423
129942
103794
168174
106153
117589
175690
194822
198393
135677
127077
113115
160010
121080
132674
116888
177328
169065
151685
132839
117275
125875
155192
143807
103403
150401
194531
115497
185464
161454
110558
151801
171479
167717
174934
120672
186595
102399
146318
139190
162154
129150
103754
188928
124077
157423
137892
110439
108756
171859
112899
156494
103673
158916
134765
183594
113147
173218
189098
139432
185522
161108
136704
107502
114648
155419
118497
190561
122499
114450
106422
133030
121514
116312
133564
102876
143130
196033
145440
147133
148982
102173
198161
184727
178961
153112
103018
139468
152079
105054
154237
167437
163622
102572
174818
156288
123912
132515
135724
109099
180805
140761
181423
175694
164214
107413
113698
192860
178042
142718
175491
191143
196445
160778
149138
108279
118358
191525
146546
131375
142408
134994
131869
155052
185644
122675
188092
121520
172344
117878
191289
176395
114327
189252
197621
103704
190505
184722
198736
199557
120369
138876
171542
146371
177917
145621
139402
136682
137725
100230
131270
148427
161594
136581
155944
142565
164610
195297
156328
195458
149359
182434
179771
137489
124327
141199
157798
113695
175196
197019
133518
150941
102494
165426
152745
187736
177036
141586
151223
121230
100990
115693
133436
111666
163407
167451
132513
183404
174199
179141
193156
112318
164169
187760
135302
197626
101560
191080
174506
144498
104808
171190
114608
155140
111115
145333
116903
153355
116476
166776
148555
150081
135210
174194
138045
101148
185233
144878
141903
111199
123486
153351
178816
166336
193924
164071
146645
140738
130268
143664
126848
107093
163701
101824
116833
108729
186634
110818
160986
105024
177956
102063
142052
137459
177556
181242
183102
146921
183683
135001
199900
151980
193821
101480
128232
136619
188468
175428
138843
185764
116831
135995
131193
158581
184997
111003
195810
108441
161623
192969
127426
163816
171604
175528
112812
160708
114483
179985
165832
124709
172426
165355
129043
180826
174964
176552
190783
164479
127646
131495
156860
116543
161452
177143
160786
189248
119762
145190
174267
127146
197244
182035
172374
161581
115583
129914
166067
164737
193992
173918
188491
169236
117534
126773
168167
163710
149167
121196
137570
167591
153986
155629
129760
151143
110021
121550
169944
116559
128834
185754
174140
179377
133499
135138
117111
154423
168576
115993
168691
100289
100848
101630
134985
157053
109860
189642
182236
147411
134731
179766
193825
149690
156624
133304
176182
130967
117299
168211
163525
130666
137091
179082
144543
151517
101043
133986
160775
161372
108568
159427
170240
190711
157364
135834
154808
190705
179221
138748
120161
122846
128333
139671
137008
110039
170237
175657
193517
194226
138720
182555
108453
160074
132955
123481
182722
175571
137817
187764
137709
187707
192517
153788
134988
145733
178981
130975
136766
195537
186358
152825
189109
184626
193274
132953
177573
122706
110246
148749
154214
188356
106372
184120
105159
170585
197607
124747
180193
168634
197678
181913
191046
107790
164020
149465
168601
128899
101280
158625
171910
194617
172082
176770
126391
160326
143003
134980
138332
167643
117051
101028
145588
110636
118980
185864
128415
163620
170909
175357
192179
118770
102754
177167
183791
192151
142622
104682
115444
112160
151707
145599
182530
173426
114351
139494
156394
156754
125237
189348
159808
106767
149753
196629
141299
171093
195184
116951
194041
110210
173100
135522
120011
123695
145554
114540
197821
140153
117970
136885
116404
130023
185940
187516
150809
137499
117324
152037
196489
100755
142457
164022
172539
193876
166523
110871
133635
141825
148551
199424
110171
178494
174532
145132
114838
177386
166807
156611
137678
134704
168535
154648
110540
112909
155012
141031
128342
180901
188816
186640
138790
173546
170258
185181
176558
106870
185698
181548
161693
118917
167393
191658
148169
140207
159404
143149
153703
133520
129997
132226
111687
167753
147560
175524
192738
108002
143280
143562
130177
199972
127433
118419
174455
152014
199776
143290
194706
133024
100863
196975
128878
171391
115812
179375
134882
115969
110816
149351
190437
127920
182804
104263
133347
152593
152878
131594
125402
128222
177878
150409
143987
132739
104446
127779
131771
138355
152446
155928
162843
106220
142021
165647
180561
156607
190822
116506
155881
138429
199992
151452
143416
158288
145008
114826
190083
191424
198630
156812
144731
102710
184168
140861
135433
114837
150750
158003
114677
111514
180232
169033
103440
137127
125712
151270
175395
175630
113604
106747
158471
168847
196137
143950
185345
104922
177536
176067
154344
140957
112991
190370
185182
152251
173148
144464
155261
192767
152645
120918
140033
147657
139756
139004
148052
108862
160155
171333
113570
193866
142053
151840
140997
172891
165369
157227
152515
141623
125696
158470
152970
109716
139431
110186
189836
138845
183203
164961
160978
163956
187623
168583
181456
108198
101857
116873
135560
167362
126886
110521
115952
118095
184441
138281
192984
126129
158220
112797
123066
116627
105869
126054
196246
153281
166536
100137
167822
163396
185919
193706
157478
146336
178857
131748
154288
130579
196487
190686
127156
196371
110325
183049
171293
198072
169824
186271
141570
115476
192866
155710
178630
188327
146160
150946
195557
130051
192479
171356
168966
121774
157634
159802
165554
104809
129024
166901
108341
174649
150793
186684
133092
120433
112221
121909
159537
129767
181157
160644
129066
133529
112082
184394
120123
146053
184819
131434
109490
113595
158709
163977
183261
190481
119090
168651
141062
109246
172724
192808
127374
184281
163517
154983
151652
194340
112625
117616
165074
104849
161757
191430
188046
108205
145445
162751
104723
106327
108313
122526
124610
114337
178216
112635
131820
188066
103245
169372
179982
118302
104910
150612
187198
101463
168262
119780
129674
140890
186671
129488
120431
121490
177816
179756
165393
183293
141564
123218
164159
107828
113528
174522
169374
155251
107381
163948
148552
166252
169129
169077
122833
129104
163719
141019
183541
194014
169392
122601
102365
165408
146162
179240
149010
159996
140996
154162
192133
110846
193068
105027
113889
131713
166419
107115
145993
111605
184913
199584
134539
105870
151543
102696
120485
176047
109944
150678
142901
184199
114372
106374
154330
109368
135801
130509
187114
165955
149584
193818
106114
126936
121038
182873
147854
104431
150734
177212
167809
148479
125407
149145
183188
114544
170700
130511
131941
191673
179672
115429
149111
178407
195704
160553
101441
185180
125272
183617
175736
138158
141562
130796
146481
170349
114004
197368
101791
127815
110840
164853
101244
146741
122837
124066
153556
108738
107037
159032
150037
191230
103871
150934
135454
147456
139731
113457
115111
114498
152045
116806
158665
156020
134238
163489
135408
187493
168530
192477
140811
191159
114092
177042
198320
148830
125810
133080
129028
188659
127455
199912
163168
174478
160998
178537
182133
175877
181150
179891
157923
125172
187894
124475
163118
129886
140413
108868
126013
171649
171145
156776
133856
109609
151118
195579
155425
129734
108784
126299
163664
181010
146121
118480
166368
169052
195765
199298
142618
113253
167506
110499
168421
195274
162954
112679
148790
136091
101264
146849
159170
122733
100104
103894
143283
168784
150989
199448
127513
109130
167908
119548
114113
148937
191608
118489
124785
109977
165353
103430
116756
164465
179892
130029
127224
112748
140639
106735
181835
144092
145955
159033
129803
164495
119662
147383
151299
113963
147491
165255
193406
115327
133552
123123
118823
109284
194873
148109
163508
198085
161257
131775
142575
152400
135680
143840
195890
196206
178633
121609
116129
184752
187361
163011
114428
177601
147122
148770
104858
160372
189730
156707
111375
139390
183670
181085
183234
128603
166922
162913
122925
105844
170781
151584
146966
197038
123535
104270
135938
150204
153382
194765
179667
187365
121255
145095
131258
179090
169722
131024
146659
119600
151110
108244
128116
141139
184619
186606
135561
159850
133832
192720
162020
169787
151323
193704
153459
174877
137920
176664
153760
137541
168291
158473
167981
187850
145834
152716
151473
121472
123253
165127
146342
112613
168438
103954
135417
168161
135810
189487
119622
166159
123195
172566
147952
177431
142840
178510
150608
177845
184067
123572
172076
138551
181965
181906
102847
189840
121068
133711
110666
135806
134833
188185
106466
117840
190532
155866
103303
100678
155919
157555
139288
133456
154121
186677
152327
147333
115325
133339
186859
147609
190159
120197
155442
145259
137275
174786
150916
109250
197229
100493
164914
149039
114936
171583
109161
134846
101331
179774
125506
197547
100357
172116
187929
191217
198194
129004
175744
164973
130482
144658
135864
116491
190044
191708
170628
174784
160395
198500
167812
104147
120293
145375
106005
169632
166956
136598
140923
105400
189219
122926
183245
108343
147593
118737
100779
114247
103207
165022
161558
120594
157859
106342
127997
176327
167581
121484
158326
129449
121433
166658
195910
114995
192491
174954
175507
101864
108835
116966
171210
161606
119072
124800
189695
137003
144377
124359
122761
123860
133225
144368
150059
135715
174893
176081
173596
190039
137194
123147
192691
108438
184966
107438
115155
163326
135496
106781
105266
168733
188961
108338
155577
189223
127392
174557
114589
116246
121937
108124
156344
196729
192134
157362
175940
191739
118902
120439
182149
192269
160291
169123
119381
100781
193215
145167
108981
161405
148522
120254
110342
144128
169928
119226
174098
194136
153910
161614
173681
104193
119092
185590
182796
188225
184878
138679
142304
131743
148470
189791
193559
155111
108149
176203
173836
152315
124638
123260
188217
176832
175993
127537
134235
156521
123425
175115
162197
155020
152884
174214
121388
130447
183010
125317
155456
184078
130513
164879
148771
167944
110549
125867
184235
144778
105633
112673
157670
174218
179237
121936
135272
120001
173640
108233
152622
120496
198205
104515
112314
104040
100561
193440
100489
134425
125574
186636
138125
127765
164203
138078
166035
156049
121303
112671
115648
135111
139207
186818
152072
138297
182354
197198
115671
192527
183276
171317
184649
176814
130938
129308
122977
196299
195329
121574
143628
190234
103441
195530
184455
122100
138385
103254
123723
131246
173376
150051
144697
122743
130977
162560
170249
174622
128021
179946
192513
155350
170393
144902
149860
123767
106506
150765
175879
185487
142562
144758
145473
143110
137693
169328
120648
110578
184274
189927
123954
128964
195071
186975
158349
162933
125197
101054
193890
166233
186138
197855
195790
175039
168775
179597
156474
195555
143648
194453
187542
181699
152504
137539
132663
188371
121040
114436
142957
147825
135570
128785
139946
154051
165842
123003
101184
116027
145662
185555
172102
139660
190106
159261
147123
156833
181213
146152
162718
175030
192293
105487
188416
194762
184772
115541
178297
113783
152354
135293
134974
176724
151122
197456
178652
133062
144643
196119
106415
157127
159012
175671
134722
194954
178275
124624
151196
182657
184271
140100
197632
144893
127935
113346
153359
109288
137607
183240
190484
119602
189913
118237
159759
148744
163060
198839
144698
101636
171948
111327
135362
115562
166504
166325
116766
114887
126725
142646
141861
120301
137816
157079
120923
158352
197098
141967
198390
157720
159009
150083
140790
151359
172503
181990
131757
173269
144131
175904
125153
197081
175280
136029
161935
167830
120759
180503
166559
117613
107349
126783
187121
190467
168398
119561
171782
157213
107487
103166
195773
197836
163922
113399
141826
123357
113265
167705
142374
163366
112855
152150
117482
113282
179758
182465
115466
146129
163785
166743
153778
170600
197462
105359
147130
161621
193060
192153
117699
133967
124278
169279
129459
162264
142061
188914
133166
167200
103376
183460
189678
178918
194828
171404
191305
111521
147991
113812
197203
114226
161213
182705
169543
137437
194360
157656
102492
185548
168616
182673
169230
135779
178507
135006
157632
180744
100488
184615
119532
127546
175303
186134
160046
150757
122513
134578
136273
170984
141236
133088
179285
173666
189548
152166
110362
119875
126439
116923
138977
112064
181523
153518
150225
144075
177086
180283
102900
153539
185820
141170
152966
159647
140434
178941
152616
132482
127414
179109
150042
139986
161103
198020
110458
109675
174936
171527
103434
103496
125219
136158
100295
179914
175402
121949
194877
121868
118499
171429
129228
121539
191242
118935
149816
119989
156248
105325
190219
155194
145166
147600
162822
171550
132108
173092
123393
134128
122116
121790
141148
122270
135160
170057
183205
114825
127847
131762
111568
118641
107659
146567
121788
145043
188443
124871
117309
152264
146426
182868
122844
174646
182902
143753
116968
170467
187749
137857
180766
149947
161085
164377
151542
185508
157023
102451
112227
134823
176037
120524
195030
142253
174036
140312
159518
195967
194353
107127
168598
149826
158809
149748
171003
197509
187285
109484
171841
102768
162565
135682
194047
199019
152690
186903
162332
178851
184643
180499
169594
120522
159243
150324
153185
122570
155554
162156
106058
124316
159376
111268
115099
129817
154135
114204
169078
149781
187624
140145
137450
182441
112615
167819
151772
145066
182071
119529
126378
164075
111258
165217
109285
184300
125312
128224
199679
175791
133972
194971
108877
152649
159774
195617
180368
137197
123797
117539
146139
115520
169217
124025
164354
100072
165533
103106
142676
197773
176179
161655
121993
109815
181563
144946
157345
132164
112139
155470
171119
103057
102272
126020
121577
190575
144314
168800
131525
148532
153618
191904
171341
127360
155347
160303
147681
148994
150309
156057
114892
159570
134148
157474
187830
153621
135853
164630
176044
127732
153457
155184
136063
148795
167222
117033
191603
153339
193631
193073
171419
102621
157722
166799
134921
125926
137236
111365
115813
123717
120375
132862
169901
134983
198684
157138
101020
170665
185141
185191
128681
137764
195077
149679
185765
185867
161998
141910
173532
192855
194556
102203
163936
186729
192165
118400
174764
190587
173153
119205
178425
193705
152454
171027
103191
103041
113525
184681
193599
114324
195565
112054
133853
118263
183527
167583
112648
137133
104941
122484
100387
154794
158984
169527
121523
194424
139837
146036
144754
125393
164481
162313
197736
128383
123243
172739
119173
127875
134369
162407
165268
119066
182936
135314
128991
195211
125391
109677
165209
114662
111846
180922
123146
106821
170248
117002
159716
115362
143278
104301
161348
133770
141862
192962
186864
183977
171260
113264
138301
169880
198384
144559
162514
161629
197962
100020
123128
160950
127874
125313
101516
177563
154566
119428
198612
108774
136628
134048
190208
189150
178710
138113
170510
162981
120602
118539
190828
183096
152370
197697
199533
189007
199880
170820
108870
144925
135017
131477
148138
114696
174618
132481
118884
192452
173758
157873
111882
191328
154665
131756
145978
105011
199631
139646
138547
159582
110587
107924
131885
124803
167116
118665
197151
121191
128042
109624
162445
107534
166360
168141
180305
133123
134319
129123
164927
163507
162941
134308
122403
113382
126793
196480
146480
106900
153515
129154
171749
156656
117502
147907
150208
103054
130282
134411
111671
139562
112449
118987
119383
130974
123524
113607
111022
138731
187397
145249
151566
194535
195017
100037
134708
133130
181470
168367
136228
118042
189199
180440
104576
103587
148854
118596
119221
193063
161845
191454
186588
183577
167527
166460
144312
131505
121568
135796
160999
177558
127489
131159
130650
187773
109540
172127
108638
180897
172867
142713
144071
106602
136302
146235
108781
114717
186136
166307
194622
187085
152541
124844
176093
150267
131003
161092
156803
198857
190074
192358
154538
187308
177660
113202
198756
183600
161502
187730
149546
112893
142451
119061
159682
169670
122483
183350
151888
128948
120860
195656
185749
108226
159085
147447
136494
119575
167624
109689
154448
151539
100261
113861
115322
126710
117267
163981
182152
152779
137690
193892
168101
130527
116096
110184
118326
173072
152377
130619
185148
186965
118102
111089
149565
132008
108956
135198
186071
125303
109430
149698
195121
168473
131213
165833
142862
156000
167456
125180
160024
171254
123538
114750
151189
162930
171563
160484
182669
170740
185227
123787
103284
113876
153559
195684
124758
180659
184674
126165
150509
188052
184538
173096
154671
123764
130677
124615
118215
150005
124183
179157
176734
106674
126240
130187
149732
191693
139070
134350
171236
188620
176689
154445
156863
161603
139787
112895
116176
178473
103006
155578
169222
120051
195774
184796
155288
176690
137217
183130
149557
103722
183493
150367
169700
159895
127002