201552	1	APACHEII	1	8
201578	1	APACHEII	1	26
201603	1	APACHEII	1	11
201648	1	APACHEII	1	9
201553	1	APACHEII	2	4
201578	1	APACHEII	2	22
201603	1	APACHEII	2	11
201648	1	APACHEII	2	18
201549	1	APACHEII	2	4
201553	1	APACHEII	3	14
201578	1	APACHEII	3	23
201603	1	APACHEII	3	8
201648	1	APACHEII	3	16
201549	1	APACHEII	3	4
201552	1	APACHEII	4	15
201553	1	APACHEII	4	12
201578	1	APACHEII	4	23
201603	1	APACHEII	4	9
201648	1	APACHEII	4	18
201549	1	APACHEII	4	4
201552	1	APACHEII	5	15
201553	1	APACHEII	5	15
201578	1	APACHEII	5	21
201603	1	APACHEII	5	11
201648	1	APACHEII	5	16
201549	1	APACHEII	5	6
201552	1	APACHEII	6	17
201553	1	APACHEII	6	17
201578	1	APACHEII	6	21
201603	1	APACHEII	6	13
201648	1	APACHEII	6	15
201549	1	APACHEII	6	2
201552	1	APACHEII	7	15
201553	1	APACHEII	7	15
201578	1	APACHEII	7	21
201603	1	APACHEII	7	13
201648	1	APACHEII	7	13
201549	1	APACHEII	7	7
201552	1	APACHEII	8	15
201553	1	APACHEII	8	13
201578	1	APACHEII	8	17
201603	1	APACHEII	8	9
201648	1	APACHEII	8	14
201549	1	APACHEII	8	3
201552	1	APACHEII	9	15
201553	1	APACHEII	9	15
201578	1	APACHEII	9	15
201603	1	APACHEII	9	11
201648	1	APACHEII	9	9
201549	1	APACHEII	9	5
201552	1	APACHEII	10	13
201553	1	APACHEII	10	15
201578	1	APACHEII	10	15
201603	1	APACHEII	10	8
201648	1	APACHEII	10	13
201549	1	APACHEII	10	5
201552	1	APACHEII	11	13
201553	1	APACHEII	11	15
201578	1	APACHEII	11	15
201603	1	APACHEII	11	13
201648	1	APACHEII	11	15
201549	1	APACHEII	11	5
201552	1	APACHEII	12	10
201553	1	APACHEII	12	17
201578	1	APACHEII	12	20
201603	1	APACHEII	12	12
201648	1	APACHEII	12	15
201549	1	APACHEII	12	3
201552	1	APACHEII	13	10
201553	1	APACHEII	13	15
201578	1	APACHEII	13	20
201603	1	APACHEII	13	8
201648	1	APACHEII	13	15
201549	1	APACHEII	13	5
201552	1	APACHEII	14	10
201553	1	APACHEII	14	17
201578	1	APACHEII	14	18
201603	1	APACHEII	14	10
201648	1	APACHEII	14	15
201549	1	APACHEII	14	5
201552	1	APACHEII	15	14
201553	1	APACHEII	15	15
201578	1	APACHEII	15	21
201603	1	APACHEII	15	10
201648	1	APACHEII	15	13
201549	1	APACHEII	15	5
201552	1	APACHEII	16	7
201553	1	APACHEII	16	15
201578	1	APACHEII	16	17
201603	1	APACHEII	16	12
201648	1	APACHEII	16	15
201549	1	APACHEII	16	5
201552	1	APACHEII	17	9
201553	1	APACHEII	17	15
201578	1	APACHEII	17	15
201603	1	APACHEII	17	8
201648	1	APACHEII	17	14
201549	1	APACHEII	17	5
201552	1	APACHEII	18	7
201553	1	APACHEII	18	17
201578	1	APACHEII	18	15
201603	1	APACHEII	18	10
201648	1	APACHEII	18	12
201549	1	APACHEII	18	5
201552	1	APACHEII	19	7
201553	1	APACHEII	19	15
201578	1	APACHEII	19	15
201603	1	APACHEII	19	10
201648	1	APACHEII	19	12
201549	1	APACHEII	19	4
201552	1	APACHEII	20	9
201553	1	APACHEII	20	15
201578	1	APACHEII	20	16
201603	1	APACHEII	20	10
201648	1	APACHEII	20	12
201549	1	APACHEII	20	4
201552	1	APACHEII	21	10
201553	1	APACHEII	21	10
201578	1	APACHEII	21	13
201603	1	APACHEII	21	10
201648	1	APACHEII	21	12
201549	1	APACHEII	21	2
201552	1	APACHEII	22	8
201553	1	APACHEII	22	8
201578	1	APACHEII	22	14
201603	1	APACHEII	22	10
201648	1	APACHEII	22	11
201552	1	APACHEII	23	10
201553	1	APACHEII	23	6
201578	1	APACHEII	23	12
201648	1	APACHEII	23	11
201552	1	APACHEII	24	8
201553	1	APACHEII	24	8
201578	1	APACHEII	24	12
201648	1	APACHEII	24	12
201552	1	APACHEII	25	7
201553	1	APACHEII	25	6
201578	1	APACHEII	25	12
201648	1	APACHEII	25	10
201578	1	APACHEII	26	11
201648	1	APACHEII	26	9
201578	1	APACHEII	27	13
201648	1	APACHEII	27	9
201578	1	APACHEII	28	13
201648	1	APACHEII	28	9
201578	1	APACHEII	29	13
201648	1	APACHEII	29	12
201578	1	APACHEII	30	15
201648	1	APACHEII	30	11
201578	1	APACHEII	31	15
201648	1	APACHEII	31	9
201578	1	APACHEII	32	14
201648	1	APACHEII	32	9
201578	1	APACHEII	33	14
201648	1	APACHEII	33	11
201578	1	APACHEII	34	13
201648	1	APACHEII	34	12
201578	1	APACHEII	35	12
201648	1	APACHEII	35	12
201578	1	APACHEII	36	12
201648	1	APACHEII	36	13
201578	1	APACHEII	37	9
201648	1	APACHEII	37	13
201578	1	APACHEII	38	11
201648	1	APACHEII	38	10
201578	1	APACHEII	39	11
201648	1	APACHEII	39	10
201578	1	APACHEII	40	11
201648	1	APACHEII	40	14
201578	1	APACHEII	41	10
201648	1	APACHEII	41	15
201578	1	APACHEII	42	12
201648	1	APACHEII	42	14
201578	1	APACHEII	43	9
201648	1	APACHEII	43	13
201578	1	APACHEII	44	12
201648	1	APACHEII	44	14
201578	1	APACHEII	45	14
201648	1	APACHEII	45	14
201578	1	APACHEII	46	14
201648	1	APACHEII	46	14
201578	1	APACHEII	47	12
201648	1	APACHEII	47	16
201578	1	APACHEII	48	14
201648	1	APACHEII	48	16
201578	1	APACHEII	49	12
201648	1	APACHEII	49	14
201578	1	APACHEII	50	12
201648	1	APACHEII	50	14
201578	1	APACHEII	51	12
201648	1	APACHEII	51	15
201578	1	APACHEII	52	15
201648	1	APACHEII	52	13
201578	1	APACHEII	53	13
201648	1	APACHEII	53	12
201578	1	APACHEII	54	14
201648	1	APACHEII	54	9
201578	1	APACHEII	55	15
201648	1	APACHEII	55	9
201578	1	APACHEII	56	15
201648	1	APACHEII	56	13
201578	1	APACHEII	57	13
201648	1	APACHEII	57	12
201578	1	APACHEII	58	15
201648	1	APACHEII	58	12
201578	1	APACHEII	59	16
201648	1	APACHEII	59	11
201578	1	APACHEII	60	15
201648	1	APACHEII	60	11
201578	1	APACHEII	61	15
201648	1	APACHEII	61	13
201578	1	APACHEII	62	13
201648	1	APACHEII	62	15
201578	1	APACHEII	63	15
201648	1	APACHEII	63	13
201578	1	APACHEII	64	15
201648	1	APACHEII	64	13
201578	1	APACHEII	65	15
201648	1	APACHEII	65	10
201578	1	APACHEII	66	15
201648	1	APACHEII	66	10
201578	1	APACHEII	67	13
201648	1	APACHEII	67	7
201578	1	APACHEII	68	15
201648	1	APACHEII	68	9
201578	1	APACHEII	69	15
201648	1	APACHEII	69	10
201578	1	APACHEII	70	16
201648	1	APACHEII	70	9
201578	1	APACHEII	71	17
201648	1	APACHEII	71	11
201578	1	APACHEII	72	18
201648	1	APACHEII	72	12
201578	1	APACHEII	73	16
201648	1	APACHEII	73	10
201578	1	APACHEII	74	19
201648	1	APACHEII	74	5
201578	1	APACHEII	75	16
201648	1	APACHEII	75	4
201578	1	APACHEII	76	19
201648	1	APACHEII	76	6
201578	1	APACHEII	77	19
201648	1	APACHEII	77	7
201578	1	APACHEII	78	18
201648	1	APACHEII	78	6
201578	1	APACHEII	79	18
201648	1	APACHEII	79	6
201578	1	APACHEII	80	15
201648	1	APACHEII	80	4
201578	1	APACHEII	81	15
201648	1	APACHEII	81	6
201578	1	APACHEII	82	13
201648	1	APACHEII	82	6
201578	1	APACHEII	83	15
201648	1	APACHEII	83	6
201578	1	APACHEII	84	15
201648	1	APACHEII	84	6
201578	1	APACHEII	85	15
201648	1	APACHEII	85	6
201578	1	APACHEII	86	15
201648	1	APACHEII	86	6
201578	1	APACHEII	87	15
201648	1	APACHEII	87	6
201578	1	APACHEII	88	17
201648	1	APACHEII	88	6
201578	1	APACHEII	89	17
201648	1	APACHEII	89	7
201578	1	APACHEII	90	19
201648	1	APACHEII	90	11
201578	1	APACHEII	91	19
201648	1	APACHEII	91	14
201578	1	APACHEII	92	20
201648	1	APACHEII	92	6
201578	1	APACHEII	93	19
201648	1	APACHEII	93	8
201578	1	APACHEII	94	19
201648	1	APACHEII	94	6
201578	1	APACHEII	95	19
201648	1	APACHEII	95	7
201578	1	APACHEII	96	15
201648	1	APACHEII	96	6
201578	1	APACHEII	97	15
201648	1	APACHEII	97	6
201578	1	APACHEII	98	15
201648	1	APACHEII	98	6
201578	1	APACHEII	99	15
201648	1	APACHEII	99	6
201578	1	APACHEII	100	14
201648	1	APACHEII	100	10
201578	1	APACHEII	101	14
201648	1	APACHEII	101	6
201578	1	APACHEII	102	14
201648	1	APACHEII	102	7
201578	1	APACHEII	103	12
201648	1	APACHEII	103	6
201578	1	APACHEII	104	13
201648	1	APACHEII	104	6
201578	1	APACHEII	105	13
201648	1	APACHEII	105	6
201578	1	APACHEII	106	15
201648	1	APACHEII	106	10
201578	1	APACHEII	107	15
201578	1	APACHEII	108	15
201578	1	APACHEII	109	13
201578	1	APACHEII	110	15
201578	1	APACHEII	111	13
201578	1	APACHEII	112	14
201578	1	APACHEII	113	16
201578	1	APACHEII	114	12
201578	1	APACHEII	115	14
201578	1	APACHEII	116	16
201578	1	APACHEII	117	12
201578	1	APACHEII	118	14
201578	1	APACHEII	119	16
201578	1	APACHEII	120	14
201578	1	APACHEII	121	14
201578	1	APACHEII	122	14
201578	1	APACHEII	123	15
201578	1	APACHEII	124	16
201578	1	APACHEII	125	15
201578	1	APACHEII	126	15
201578	1	APACHEII	127	15
201578	1	APACHEII	128	14
201578	1	APACHEII	129	16
201578	1	APACHEII	130	18
201578	1	APACHEII	131	19
201578	1	APACHEII	132	19
201578	1	APACHEII	133	16
201578	1	APACHEII	134	16
201578	1	APACHEII	135	16
201578	1	APACHEII	136	16
201578	1	APACHEII	137	17
201578	1	APACHEII	138	17
201578	1	APACHEII	139	17
201578	1	APACHEII	140	16
201578	1	APACHEII	141	15
201578	1	APACHEII	142	17
201578	1	APACHEII	143	17
201578	1	APACHEII	144	20
201578	1	APACHEII	145	20
201578	1	APACHEII	146	20
201578	1	APACHEII	148	17
201578	1	APACHEII	149	18
201578	1	APACHEII	150	18
201578	1	APACHEII	151	20
201578	1	APACHEII	152	21
201578	1	APACHEII	153	22
201578	1	APACHEII	154	21
201578	1	APACHEII	155	18
201578	1	APACHEII	156	18
201578	1	APACHEII	157	19
201578	1	APACHEII	158	19
201578	1	APACHEII	159	21
201578	1	APACHEII	160	23
201578	1	APACHEII	161	22
201578	1	APACHEII	162	20
201578	1	APACHEII	163	21
201578	1	APACHEII	164	21
201578	1	APACHEII	165	19
201578	1	APACHEII	166	19
201578	1	APACHEII	167	21
201578	1	APACHEII	168	21
201578	1	APACHEII	169	21
201578	1	APACHEII	170	23
201578	1	APACHEII	171	22
201578	1	APACHEII	172	18
201578	1	APACHEII	173	21
201578	1	APACHEII	174	23
201578	1	APACHEII	175	23
201578	1	APACHEII	176	20
201578	1	APACHEII	177	20
201578	1	APACHEII	178	20
201578	1	APACHEII	179	19
201578	1	APACHEII	180	20
201578	1	APACHEII	181	20
201578	1	APACHEII	182	18
201578	1	APACHEII	183	20
201578	1	APACHEII	184	20
201578	1	APACHEII	185	17
201578	1	APACHEII	186	21
201578	1	APACHEII	187	21
201578	1	APACHEII	188	17
201578	1	APACHEII	189	21
201578	1	APACHEII	190	21
201578	1	APACHEII	191	17
201578	1	APACHEII	192	21
201578	1	APACHEII	193	20
201578	1	APACHEII	194	21
201578	1	APACHEII	195	23
201578	1	APACHEII	196	20
201578	1	APACHEII	197	20
201578	1	APACHEII	198	23
201578	1	APACHEII	199	23
201578	1	APACHEII	200	22
201578	1	APACHEII	201	25
201578	1	APACHEII	202	22
201578	1	APACHEII	203	24
201578	1	APACHEII	204	20
201578	1	APACHEII	205	24
201578	1	APACHEII	206	22
201578	1	APACHEII	207	24
201578	1	APACHEII	208	25
201578	1	APACHEII	209	21
201578	1	APACHEII	210	23
201578	1	APACHEII	211	23
201578	1	APACHEII	212	29
201578	1	APACHEII	213	27
201578	1	APACHEII	214	29
201578	1	APACHEII	215	30
201578	1	APACHEII	216	32
201578	1	APACHEII	217	32
201578	1	APACHEII	218	32
201578	1	APACHEII	219	31
201578	1	APACHEII	220	33
201578	1	APACHEII	221	32
201578	1	APACHEII	222	34
201552	1	SAPSII	1	37
201578	1	SAPSII	1	62
201603	1	SAPSII	1	48
201648	1	SAPSII	1	21
201553	1	SAPSII	2	32
201578	1	SAPSII	2	59
201603	1	SAPSII	2	56
201648	1	SAPSII	2	47
201549	1	SAPSII	2	37
201553	1	SAPSII	3	46
201578	1	SAPSII	3	59
201603	1	SAPSII	3	54
201648	1	SAPSII	3	47
201549	1	SAPSII	3	37
201552	1	SAPSII	4	45
201553	1	SAPSII	4	46
201578	1	SAPSII	4	72
201603	1	SAPSII	4	43
201648	1	SAPSII	4	52
201549	1	SAPSII	4	37
201552	1	SAPSII	5	34
201553	1	SAPSII	5	46
201578	1	SAPSII	5	59
201603	1	SAPSII	5	45
201648	1	SAPSII	5	50
201549	1	SAPSII	5	39
201552	1	SAPSII	6	34
201553	1	SAPSII	6	46
201578	1	SAPSII	6	60
201603	1	SAPSII	6	45
201648	1	SAPSII	6	36
201549	1	SAPSII	6	32
201552	1	SAPSII	7	34
201553	1	SAPSII	7	46
201578	1	SAPSII	7	55
201603	1	SAPSII	7	45
201648	1	SAPSII	7	33
201549	1	SAPSII	7	39
201552	1	SAPSII	8	34
201553	1	SAPSII	8	41
201578	1	SAPSII	8	54
201603	1	SAPSII	8	43
201648	1	SAPSII	8	31
201549	1	SAPSII	8	32
201552	1	SAPSII	9	34
201553	1	SAPSII	9	41
201578	1	SAPSII	9	49
201603	1	SAPSII	9	43
201648	1	SAPSII	9	31
201549	1	SAPSII	9	37
201552	1	SAPSII	10	34
201553	1	SAPSII	10	41
201578	1	SAPSII	10	49
201603	1	SAPSII	10	43
201648	1	SAPSII	10	39
201549	1	SAPSII	10	37
201552	1	SAPSII	11	34
201553	1	SAPSII	11	41
201578	1	SAPSII	11	49
201603	1	SAPSII	11	45
201648	1	SAPSII	11	39
201549	1	SAPSII	11	34
201552	1	SAPSII	12	28
201553	1	SAPSII	12	41
201578	1	SAPSII	12	52
201603	1	SAPSII	12	45
201648	1	SAPSII	12	39
201549	1	SAPSII	12	37
201552	1	SAPSII	13	28
201553	1	SAPSII	13	41
201578	1	SAPSII	13	57
201603	1	SAPSII	13	43
201648	1	SAPSII	13	39
201549	1	SAPSII	13	37
201552	1	SAPSII	14	28
201553	1	SAPSII	14	46
201578	1	SAPSII	14	52
201603	1	SAPSII	14	45
201648	1	SAPSII	14	39
201549	1	SAPSII	14	32
201552	1	SAPSII	15	31
201553	1	SAPSII	15	41
201578	1	SAPSII	15	57
201603	1	SAPSII	15	45
201648	1	SAPSII	15	37
201549	1	SAPSII	15	37
201552	1	SAPSII	16	21
201553	1	SAPSII	16	41
201578	1	SAPSII	16	54
201603	1	SAPSII	16	45
201648	1	SAPSII	16	39
201549	1	SAPSII	16	32
201552	1	SAPSII	17	21
201553	1	SAPSII	17	41
201578	1	SAPSII	17	49
201603	1	SAPSII	17	43
201648	1	SAPSII	17	45
201549	1	SAPSII	17	32
201552	1	SAPSII	18	21
201553	1	SAPSII	18	46
201578	1	SAPSII	18	54
201603	1	SAPSII	18	43
201648	1	SAPSII	18	45
201549	1	SAPSII	18	32
201552	1	SAPSII	19	21
201553	1	SAPSII	19	46
201578	1	SAPSII	19	49
201603	1	SAPSII	19	45
201648	1	SAPSII	19	45
201549	1	SAPSII	19	34
201552	1	SAPSII	20	24
201553	1	SAPSII	20	41
201578	1	SAPSII	20	52
201603	1	SAPSII	20	45
201648	1	SAPSII	20	45
201549	1	SAPSII	20	37
201552	1	SAPSII	21	24
201553	1	SAPSII	21	46
201578	1	SAPSII	21	46
201603	1	SAPSII	21	45
201648	1	SAPSII	21	45
201549	1	SAPSII	21	37
201552	1	SAPSII	22	24
201553	1	SAPSII	22	41
201578	1	SAPSII	22	48
201603	1	SAPSII	22	45
201648	1	SAPSII	22	39
201552	1	SAPSII	23	24
201553	1	SAPSII	23	41
201578	1	SAPSII	23	43
201603	1	SAPSII	23	45
201648	1	SAPSII	23	39
201552	1	SAPSII	24	24
201553	1	SAPSII	24	41
201578	1	SAPSII	24	43
201648	1	SAPSII	24	36
201552	1	SAPSII	25	24
201553	1	SAPSII	25	41
201578	1	SAPSII	25	43
201648	1	SAPSII	25	36
201578	1	SAPSII	26	41
201648	1	SAPSII	26	40
201578	1	SAPSII	27	46
201648	1	SAPSII	27	40
201578	1	SAPSII	28	43
201648	1	SAPSII	28	40
201578	1	SAPSII	29	43
201648	1	SAPSII	29	40
201578	1	SAPSII	30	48
201648	1	SAPSII	30	40
201578	1	SAPSII	31	48
201648	1	SAPSII	31	40
201578	1	SAPSII	32	46
201648	1	SAPSII	32	40
201578	1	SAPSII	33	46
201648	1	SAPSII	33	40
201578	1	SAPSII	34	41
201648	1	SAPSII	34	40
201578	1	SAPSII	35	41
201648	1	SAPSII	35	40
201578	1	SAPSII	36	41
201648	1	SAPSII	36	40
201578	1	SAPSII	37	36
201648	1	SAPSII	37	40
201578	1	SAPSII	38	41
201648	1	SAPSII	38	36
201578	1	SAPSII	39	36
201648	1	SAPSII	39	36
201578	1	SAPSII	40	41
201648	1	SAPSII	40	39
201578	1	SAPSII	41	36
201648	1	SAPSII	41	39
201578	1	SAPSII	42	41
201648	1	SAPSII	42	39
201578	1	SAPSII	43	36
201648	1	SAPSII	43	39
201578	1	SAPSII	44	41
201648	1	SAPSII	44	39
201578	1	SAPSII	45	47
201648	1	SAPSII	45	39
201578	1	SAPSII	46	47
201648	1	SAPSII	46	39
201578	1	SAPSII	47	39
201648	1	SAPSII	47	44
201578	1	SAPSII	48	44
201648	1	SAPSII	48	44
201578	1	SAPSII	49	39
201648	1	SAPSII	49	39
201578	1	SAPSII	50	39
201648	1	SAPSII	50	39
201578	1	SAPSII	51	39
201648	1	SAPSII	51	39
201578	1	SAPSII	52	49
201648	1	SAPSII	52	39
201578	1	SAPSII	53	44
201648	1	SAPSII	53	36
201578	1	SAPSII	54	44
201648	1	SAPSII	54	34
201578	1	SAPSII	55	49
201648	1	SAPSII	55	34
201578	1	SAPSII	56	44
201648	1	SAPSII	56	36
201578	1	SAPSII	57	44
201648	1	SAPSII	57	36
201578	1	SAPSII	58	44
201648	1	SAPSII	58	34
201578	1	SAPSII	59	49
201648	1	SAPSII	59	34
201578	1	SAPSII	60	49
201648	1	SAPSII	60	34
201578	1	SAPSII	61	49
201648	1	SAPSII	61	34
201578	1	SAPSII	62	44
201648	1	SAPSII	62	36
201578	1	SAPSII	63	49
201648	1	SAPSII	63	34
201578	1	SAPSII	64	49
201648	1	SAPSII	64	34
201578	1	SAPSII	65	49
201648	1	SAPSII	65	34
201578	1	SAPSII	66	49
201648	1	SAPSII	66	36
201578	1	SAPSII	67	44
201648	1	SAPSII	67	34
201578	1	SAPSII	68	44
201648	1	SAPSII	68	34
201578	1	SAPSII	69	44
201648	1	SAPSII	69	36
201578	1	SAPSII	70	44
201648	1	SAPSII	70	36
201578	1	SAPSII	71	52
201648	1	SAPSII	71	36
201578	1	SAPSII	72	52
201648	1	SAPSII	72	36
201578	1	SAPSII	73	47
201648	1	SAPSII	73	34
201578	1	SAPSII	74	47
201648	1	SAPSII	74	27
201578	1	SAPSII	75	47
201648	1	SAPSII	75	27
201578	1	SAPSII	76	55
201648	1	SAPSII	76	30
201578	1	SAPSII	77	55
201648	1	SAPSII	77	32
201578	1	SAPSII	78	52
201648	1	SAPSII	78	32
201578	1	SAPSII	79	52
201648	1	SAPSII	79	32
201578	1	SAPSII	80	47
201648	1	SAPSII	80	30
201578	1	SAPSII	81	42
201648	1	SAPSII	81	32
201578	1	SAPSII	82	42
201648	1	SAPSII	82	32
201578	1	SAPSII	83	47
201648	1	SAPSII	83	32
201578	1	SAPSII	84	47
201648	1	SAPSII	84	32
201578	1	SAPSII	85	42
201648	1	SAPSII	85	32
201578	1	SAPSII	86	47
201648	1	SAPSII	86	32
201578	1	SAPSII	87	47
201648	1	SAPSII	87	32
201578	1	SAPSII	88	52
201648	1	SAPSII	88	32
201578	1	SAPSII	89	47
201648	1	SAPSII	89	32
201578	1	SAPSII	90	55
201648	1	SAPSII	90	32
201578	1	SAPSII	91	55
201648	1	SAPSII	91	32
201578	1	SAPSII	92	50
201648	1	SAPSII	92	32
201578	1	SAPSII	93	50
201648	1	SAPSII	93	32
201578	1	SAPSII	94	50
201648	1	SAPSII	94	32
201578	1	SAPSII	95	47
201648	1	SAPSII	95	32
201578	1	SAPSII	96	45
201648	1	SAPSII	96	32
201578	1	SAPSII	97	45
201648	1	SAPSII	97	32
201578	1	SAPSII	98	45
201648	1	SAPSII	98	32
201578	1	SAPSII	99	45
201648	1	SAPSII	99	32
201578	1	SAPSII	100	45
201648	1	SAPSII	100	32
201578	1	SAPSII	101	40
201648	1	SAPSII	101	32
201578	1	SAPSII	102	45
201648	1	SAPSII	102	32
201578	1	SAPSII	103	40
201648	1	SAPSII	103	32
201578	1	SAPSII	104	45
201648	1	SAPSII	104	32
201578	1	SAPSII	105	45
201648	1	SAPSII	105	32
201578	1	SAPSII	106	45
201648	1	SAPSII	106	32
201578	1	SAPSII	107	45
201578	1	SAPSII	108	45
201578	1	SAPSII	109	50
201578	1	SAPSII	110	45
201578	1	SAPSII	111	45
201578	1	SAPSII	112	40
201578	1	SAPSII	113	40
201578	1	SAPSII	114	40
201578	1	SAPSII	115	40
201578	1	SAPSII	116	37
201578	1	SAPSII	117	37
201578	1	SAPSII	118	37
201578	1	SAPSII	119	37
201578	1	SAPSII	120	37
201578	1	SAPSII	121	37
201578	1	SAPSII	122	37
201578	1	SAPSII	123	42
201578	1	SAPSII	124	42
201578	1	SAPSII	125	42
201578	1	SAPSII	126	42
201578	1	SAPSII	127	42
201578	1	SAPSII	128	42
201578	1	SAPSII	129	42
201578	1	SAPSII	130	42
201578	1	SAPSII	131	45
201578	1	SAPSII	132	45
201578	1	SAPSII	133	45
201578	1	SAPSII	134	45
201578	1	SAPSII	135	45
201578	1	SAPSII	136	44
201578	1	SAPSII	137	45
201578	1	SAPSII	138	44
201578	1	SAPSII	139	45
201578	1	SAPSII	140	44
201578	1	SAPSII	141	40
201578	1	SAPSII	142	45
201578	1	SAPSII	143	40
201578	1	SAPSII	144	45
201578	1	SAPSII	145	56
201578	1	SAPSII	146	56
201578	1	SAPSII	148	56
201578	1	SAPSII	149	56
201578	1	SAPSII	150	60
201578	1	SAPSII	151	56
201578	1	SAPSII	152	56
201578	1	SAPSII	153	60
201578	1	SAPSII	154	62
201578	1	SAPSII	155	59
201578	1	SAPSII	156	55
201578	1	SAPSII	157	57
201578	1	SAPSII	158	62
201578	1	SAPSII	159	62
201578	1	SAPSII	160	62
201578	1	SAPSII	161	62
201578	1	SAPSII	162	62
201578	1	SAPSII	163	63
201578	1	SAPSII	164	63
201578	1	SAPSII	165	63
201578	1	SAPSII	166	63
201578	1	SAPSII	167	58
201578	1	SAPSII	168	63
201578	1	SAPSII	169	62
201578	1	SAPSII	170	62
201578	1	SAPSII	171	67
201578	1	SAPSII	172	65
201578	1	SAPSII	173	60
201578	1	SAPSII	174	73
201578	1	SAPSII	175	60
201578	1	SAPSII	176	59
201578	1	SAPSII	177	59
201578	1	SAPSII	178	59
201578	1	SAPSII	179	55
201578	1	SAPSII	180	55
201578	1	SAPSII	181	55
201578	1	SAPSII	182	59
201578	1	SAPSII	183	59
201578	1	SAPSII	184	55
201578	1	SAPSII	185	59
201578	1	SAPSII	186	60
201578	1	SAPSII	187	60
201578	1	SAPSII	188	60
201578	1	SAPSII	189	60
201578	1	SAPSII	190	60
201578	1	SAPSII	191	60
201578	1	SAPSII	192	60
201578	1	SAPSII	193	60
201578	1	SAPSII	194	60
201578	1	SAPSII	195	60
201578	1	SAPSII	196	60
201578	1	SAPSII	197	60
201578	1	SAPSII	198	60
201578	1	SAPSII	199	60
201578	1	SAPSII	200	65
201578	1	SAPSII	201	65
201578	1	SAPSII	202	65
201578	1	SAPSII	203	68
201578	1	SAPSII	204	68
201578	1	SAPSII	205	68
201578	1	SAPSII	206	68
201578	1	SAPSII	207	73
201578	1	SAPSII	208	68
201578	1	SAPSII	209	68
201578	1	SAPSII	210	73
201578	1	SAPSII	211	68
201578	1	SAPSII	212	76
201578	1	SAPSII	213	76
201578	1	SAPSII	214	76
201578	1	SAPSII	215	76
201578	1	SAPSII	216	76
201578	1	SAPSII	217	76
201578	1	SAPSII	218	76
201578	1	SAPSII	219	81
201578	1	SAPSII	220	94
201578	1	SAPSII	221	94
201578	1	SAPSII	222	96
201552	1	SOFA	1	5
201578	1	SOFA	1	11
201603	1	SOFA	1	8
201648	1	SOFA	1	2
201549	1	SOFA	2	7
201553	1	SOFA	2	6
201578	1	SOFA	2	10
201603	1	SOFA	2	8
201648	1	SOFA	2	6
201549	1	SOFA	3	7
201553	1	SOFA	3	9
201578	1	SOFA	3	10
201603	1	SOFA	3	8
201648	1	SOFA	3	6
201549	1	SOFA	4	7
201552	1	SOFA	4	7
201553	1	SOFA	4	9
201578	1	SOFA	4	11
201603	1	SOFA	4	5
201648	1	SOFA	4	7
201552	1	SOFA	5	3
201553	1	SOFA	5	9
201578	1	SOFA	5	10
201603	1	SOFA	5	5
201648	1	SOFA	5	7
201549	1	SOFA	6	6
201552	1	SOFA	6	4
201553	1	SOFA	6	9
201578	1	SOFA	6	11
201603	1	SOFA	6	6
201648	1	SOFA	6	5
201549	1	SOFA	7	8
201552	1	SOFA	7	3
201553	1	SOFA	7	9
201578	1	SOFA	7	11
201603	1	SOFA	7	6
201648	1	SOFA	7	4
201549	1	SOFA	8	7
201552	1	SOFA	8	3
201553	1	SOFA	8	9
201578	1	SOFA	8	10
201603	1	SOFA	8	5
201648	1	SOFA	8	4
201549	1	SOFA	9	8
201552	1	SOFA	9	3
201553	1	SOFA	9	9
201578	1	SOFA	9	9
201603	1	SOFA	9	6
201648	1	SOFA	9	4
201549	1	SOFA	10	8
201552	1	SOFA	10	5
201553	1	SOFA	10	9
201578	1	SOFA	10	9
201603	1	SOFA	10	4
201648	1	SOFA	10	5
201549	1	SOFA	11	7
201552	1	SOFA	11	5
201578	1	SOFA	11	9
201603	1	SOFA	11	5
201648	1	SOFA	11	5
201549	1	SOFA	12	7
201552	1	SOFA	12	5
201553	1	SOFA	12	9
201578	1	SOFA	12	11
201603	1	SOFA	12	5
201648	1	SOFA	12	5
201549	1	SOFA	13	8
201552	1	SOFA	13	5
201553	1	SOFA	13	9
201578	1	SOFA	13	11
201603	1	SOFA	13	4
201648	1	SOFA	13	5
201549	1	SOFA	14	8
201552	1	SOFA	14	5
201553	1	SOFA	14	9
201578	1	SOFA	14	10
201603	1	SOFA	14	4
201648	1	SOFA	14	5
201549	1	SOFA	15	8
201552	1	SOFA	15	6
201553	1	SOFA	15	9
201578	1	SOFA	15	11
201603	1	SOFA	15	4
201648	1	SOFA	15	5
201549	1	SOFA	16	8
201552	1	SOFA	16	3
201553	1	SOFA	16	9
201578	1	SOFA	16	10
201603	1	SOFA	16	5
201648	1	SOFA	16	5
201549	1	SOFA	17	8
201552	1	SOFA	17	3
201553	1	SOFA	17	9
201578	1	SOFA	17	9
201603	1	SOFA	17	4
201648	1	SOFA	17	6
201549	1	SOFA	18	7
201552	1	SOFA	18	3
201553	1	SOFA	18	9
201578	1	SOFA	18	9
201603	1	SOFA	18	5
201648	1	SOFA	18	6
201549	1	SOFA	19	6
201552	1	SOFA	19	3
201553	1	SOFA	19	9
201578	1	SOFA	19	9
201603	1	SOFA	19	4
201648	1	SOFA	19	6
201549	1	SOFA	20	7
201552	1	SOFA	20	4
201553	1	SOFA	20	9
201578	1	SOFA	20	10
201603	1	SOFA	20	4
201648	1	SOFA	20	6
201549	1	SOFA	21	6
201552	1	SOFA	21	4
201553	1	SOFA	21	8
201578	1	SOFA	21	10
201603	1	SOFA	21	4
201648	1	SOFA	21	6
201552	1	SOFA	22	4
201553	1	SOFA	22	8
201578	1	SOFA	22	10
201603	1	SOFA	22	4
201648	1	SOFA	22	6
201552	1	SOFA	23	4
201553	1	SOFA	23	7
201578	1	SOFA	23	9
201603	1	SOFA	23	4
201648	1	SOFA	23	6
201552	1	SOFA	24	4
201553	1	SOFA	24	8
201578	1	SOFA	24	9
201648	1	SOFA	24	7
201552	1	SOFA	25	4
201553	1	SOFA	25	7
201578	1	SOFA	25	9
201648	1	SOFA	25	6
201578	1	SOFA	26	9
201648	1	SOFA	26	6
201578	1	SOFA	27	10
201648	1	SOFA	27	6
201578	1	SOFA	28	9
201648	1	SOFA	28	6
201578	1	SOFA	29	9
201648	1	SOFA	29	6
201578	1	SOFA	30	10
201648	1	SOFA	30	6
201578	1	SOFA	31	10
201648	1	SOFA	31	6
201578	1	SOFA	32	9
201648	1	SOFA	32	6
201578	1	SOFA	33	9
201648	1	SOFA	33	6
201578	1	SOFA	34	8
201648	1	SOFA	34	6
201578	1	SOFA	35	8
201578	1	SOFA	36	8
201648	1	SOFA	36	6
201578	1	SOFA	37	7
201648	1	SOFA	37	6
201578	1	SOFA	38	8
201648	1	SOFA	38	6
201578	1	SOFA	39	7
201648	1	SOFA	39	6
201578	1	SOFA	40	8
201648	1	SOFA	40	7
201578	1	SOFA	41	7
201648	1	SOFA	41	7
201578	1	SOFA	42	8
201648	1	SOFA	42	6
201578	1	SOFA	43	7
201648	1	SOFA	43	6
201578	1	SOFA	44	8
201648	1	SOFA	44	6
201578	1	SOFA	45	8
201648	1	SOFA	45	6
201578	1	SOFA	46	8
201648	1	SOFA	46	6
201578	1	SOFA	47	7
201648	1	SOFA	47	7
201578	1	SOFA	48	8
201648	1	SOFA	48	7
201578	1	SOFA	49	7
201648	1	SOFA	49	6
201578	1	SOFA	50	7
201648	1	SOFA	50	6
201578	1	SOFA	51	7
201648	1	SOFA	51	6
201578	1	SOFA	52	8
201648	1	SOFA	52	6
201578	1	SOFA	53	7
201648	1	SOFA	53	4
201578	1	SOFA	54	7
201648	1	SOFA	54	4
201578	1	SOFA	55	8
201648	1	SOFA	55	4
201578	1	SOFA	56	8
201648	1	SOFA	56	4
201578	1	SOFA	57	7
201648	1	SOFA	57	4
201578	1	SOFA	58	8
201648	1	SOFA	58	5
201578	1	SOFA	59	8
201648	1	SOFA	59	5
201578	1	SOFA	60	8
201648	1	SOFA	60	5
201578	1	SOFA	61	8
201648	1	SOFA	61	5
201578	1	SOFA	62	7
201648	1	SOFA	62	5
201578	1	SOFA	63	8
201648	1	SOFA	63	5
201578	1	SOFA	64	8
201648	1	SOFA	64	5
201578	1	SOFA	65	8
201648	1	SOFA	65	5
201578	1	SOFA	66	8
201648	1	SOFA	66	5
201578	1	SOFA	67	7
201648	1	SOFA	67	5
201578	1	SOFA	68	8
201648	1	SOFA	68	5
201578	1	SOFA	69	8
201648	1	SOFA	69	5
201578	1	SOFA	70	9
201648	1	SOFA	70	5
201578	1	SOFA	71	10
201648	1	SOFA	71	5
201578	1	SOFA	72	10
201648	1	SOFA	72	5
201578	1	SOFA	73	9
201648	1	SOFA	73	5
201578	1	SOFA	74	10
201648	1	SOFA	74	3
201578	1	SOFA	75	9
201648	1	SOFA	75	3
201578	1	SOFA	76	10
201648	1	SOFA	76	4
201578	1	SOFA	77	10
201648	1	SOFA	77	4
201578	1	SOFA	78	10
201648	1	SOFA	78	4
201578	1	SOFA	79	10
201648	1	SOFA	79	4
201578	1	SOFA	80	9
201648	1	SOFA	80	4
201578	1	SOFA	81	9
201648	1	SOFA	81	4
201578	1	SOFA	82	8
201648	1	SOFA	82	4
201578	1	SOFA	83	9
201648	1	SOFA	83	4
201648	1	SOFA	84	4
201578	1	SOFA	85	9
201648	1	SOFA	85	4
201578	1	SOFA	86	9
201648	1	SOFA	86	4
201578	1	SOFA	87	9
201648	1	SOFA	87	4
201578	1	SOFA	88	10
201648	1	SOFA	88	4
201578	1	SOFA	89	10
201648	1	SOFA	89	4
201578	1	SOFA	90	10
201648	1	SOFA	90	2
201578	1	SOFA	91	10
201648	1	SOFA	91	2
201578	1	SOFA	92	10
201648	1	SOFA	92	2
201578	1	SOFA	93	8
201648	1	SOFA	93	2
201578	1	SOFA	94	8
201648	1	SOFA	94	2
201578	1	SOFA	95	10
201578	1	SOFA	96	9
201648	1	SOFA	96	2
201578	1	SOFA	97	9
201578	1	SOFA	98	9
201648	1	SOFA	98	2
201578	1	SOFA	99	9
201578	1	SOFA	100	9
201648	1	SOFA	100	2
201578	1	SOFA	101	9
201648	1	SOFA	101	2
201578	1	SOFA	102	9
201648	1	SOFA	102	2
201578	1	SOFA	103	8
201648	1	SOFA	103	2
201578	1	SOFA	104	8
201578	1	SOFA	105	8
201648	1	SOFA	105	2
201578	1	SOFA	106	9
201648	1	SOFA	106	2
201578	1	SOFA	107	9
201578	1	SOFA	108	8
201578	1	SOFA	109	8
201578	1	SOFA	110	9
201578	1	SOFA	111	8
201578	1	SOFA	112	8
201578	1	SOFA	113	9
201578	1	SOFA	114	8
201578	1	SOFA	115	8
201578	1	SOFA	116	9
201578	1	SOFA	117	8
201578	1	SOFA	118	8
201578	1	SOFA	119	9
201578	1	SOFA	120	8
201578	1	SOFA	121	8
201578	1	SOFA	122	8
201578	1	SOFA	123	8
201578	1	SOFA	124	8
201578	1	SOFA	125	9
201578	1	SOFA	126	8
201578	1	SOFA	127	9
201578	1	SOFA	128	9
201578	1	SOFA	129	9
201578	1	SOFA	130	10
201578	1	SOFA	131	10
201578	1	SOFA	132	9
201578	1	SOFA	133	8
201578	1	SOFA	134	8
201578	1	SOFA	135	9
201578	1	SOFA	136	8
201578	1	SOFA	137	9
201578	1	SOFA	138	9
201578	1	SOFA	139	9
201578	1	SOFA	140	8
201578	1	SOFA	141	8
201578	1	SOFA	142	9
201578	1	SOFA	143	9
201578	1	SOFA	144	9
201578	1	SOFA	145	12
201578	1	SOFA	146	12
201578	1	SOFA	148	11
201578	1	SOFA	149	11
201578	1	SOFA	150	11
201578	1	SOFA	151	12
201578	1	SOFA	152	13
201578	1	SOFA	153	13
201578	1	SOFA	154	13
201578	1	SOFA	155	13
201578	1	SOFA	156	13
201578	1	SOFA	157	15
201578	1	SOFA	158	16
201578	1	SOFA	159	16
201578	1	SOFA	160	15
201578	1	SOFA	161	14
201578	1	SOFA	162	14
201578	1	SOFA	163	14
201578	1	SOFA	164	14
201578	1	SOFA	165	14
201578	1	SOFA	166	14
201578	1	SOFA	167	14
201578	1	SOFA	168	14
201578	1	SOFA	169	14
201578	1	SOFA	170	14
201578	1	SOFA	171	14
201578	1	SOFA	172	13
201578	1	SOFA	173	14
201578	1	SOFA	174	15
201578	1	SOFA	175	15
201578	1	SOFA	176	14
201578	1	SOFA	177	14
201578	1	SOFA	178	14
201578	1	SOFA	179	14
201578	1	SOFA	180	14
201578	1	SOFA	181	14
201578	1	SOFA	182	14
201578	1	SOFA	183	15
201578	1	SOFA	184	15
201578	1	SOFA	185	14
201578	1	SOFA	186	17
201578	1	SOFA	187	17
201578	1	SOFA	188	16
201578	1	SOFA	189	17
201578	1	SOFA	190	17
201578	1	SOFA	191	16
201578	1	SOFA	192	16
201578	1	SOFA	193	16
201578	1	SOFA	194	16
201578	1	SOFA	195	17
201578	1	SOFA	196	17
201578	1	SOFA	197	16
201578	1	SOFA	198	17
201578	1	SOFA	199	17
201578	1	SOFA	200	18
201578	1	SOFA	201	18
201578	1	SOFA	202	17
201578	1	SOFA	203	17
201578	1	SOFA	204	16
201578	1	SOFA	205	17
201578	1	SOFA	206	17
201578	1	SOFA	207	17
201578	1	SOFA	208	18
201578	1	SOFA	209	17
201578	1	SOFA	210	18
201578	1	SOFA	211	18
201578	1	SOFA	212	19
201578	1	SOFA	213	19
201578	1	SOFA	214	19
201578	1	SOFA	215	19
201578	1	SOFA	216	19
201578	1	SOFA	217	20
201578	1	SOFA	218	20
201578	1	SOFA	219	20
201578	1	SOFA	220	21